1.600000000000000089e+00
2.105263157894737169e+00
2.610526315789473806e+00
3.115789473684210442e+00
3.621052631578947523e+00
4.126315789473684603e+00
4.631578947368421240e+00
5.136842105263157876e+00
5.642105263157894512e+00
6.147368421052631149e+00
6.652631578947367785e+00
7.157894736842106198e+00
7.663157894736842835e+00
8.168421052631579471e+00
8.673684210526316107e+00
9.178947368421052744e+00
9.684210526315789380e+00
1.018947368421052602e+01
1.069473684210526265e+01
1.119999999999999929e+01
