5.086912805464920834e-02
4.516649721304576148e-02
4.089910553417471645e-02
3.747526544238208301e-02
3.466616185101854125e-02
3.230598865796012464e-02
3.028611151094553339e-02
2.853196782099474624e-02
2.708671230800039145e-02
2.572132076066717399e-02
2.449914001863260846e-02
2.339731660224746504e-02
2.239781241625099159e-02
2.148618948767025416e-02
2.065070345425830400e-02
1.988171420632445924e-02
1.917119247290418119e-02
1.851240850021401360e-02
1.784913790869750369e-02
1.728004179696534387e-02
