9.871582127585462607e-02
8.193400728304858771e-02
7.133224308884499043e-02
6.368224133279655474e-02
5.777199514416943293e-02
5.300964358360616552e-02
4.906015791569238310e-02
4.571465125279529362e-02
4.295337105683021128e-02
4.043718203792282667e-02
3.821828174798292538e-02
3.624403920417752084e-02
3.447410150186979577e-02
3.287688468603043590e-02
3.142725783018848751e-02
3.010487218191065795e-02
2.889311045467222311e-02
2.777820531807246446e-02
2.674864996135237899e-02
2.579473808978485772e-02
