1.600000000000000089e+00
2.778947368421052388e+00
3.957894736842105132e+00
5.136842105263157876e+00
6.315789473684210620e+00
7.494736842105263364e+00
8.673684210526314331e+00
9.852631578947367075e+00
1.103157894736841982e+01
1.221052631578947256e+01
1.338947368421052531e+01
1.456842105263157805e+01
1.574736842105262902e+01
1.692631578947368354e+01
1.810526315789473628e+01
1.928421052631578902e+01
2.046315789473684177e+01
2.164210526315789451e+01
2.282105263157894726e+01
2.400000000000000000e+01
