1.145380142691681397e-01
1.115783538779730188e-01
1.079826611707094541e-01
1.042692012621858760e-01
1.006450697547276452e-01
9.719041681844313441e-02
9.393149442262696547e-02
9.087078923911812156e-02
8.800039259828430771e-02
8.530818743693986683e-02
8.278077498722384575e-02
8.040485729724722308e-02
7.816786302197312186e-02
7.605819752604169037e-02
7.406530604783395644e-02
7.217964604303879483e-02
7.039261843788842399e-02
6.869648087790587720e-02
6.708426797794761476e-02
6.554973490176027595e-02
