1.988342603856580182e-01
1.876533794452789061e-01
1.779033225809368290e-01
1.695240740541551216e-01
1.622572815393591716e-01
1.558761403793596512e-01
1.502060349549655394e-01
1.451151923455944459e-01
1.405034966047440659e-01
1.362937945764773340e-01
1.324256827679454462e-01
1.288511386716708895e-01
1.255314339035995819e-01
1.224349259542077545e-01
1.195354549192657739e-01
1.168111616286332255e-01
1.142436034156289054e-01
1.118170979098720291e-01
1.095181504962588898e-01
1.073351375463482554e-01
