 ttp,ttx,del,nx =    1.0000000000000000      -0.20000000000000001        1.0000000000000000E-002         500
  -9.1999999999999993        0.0000000000000000     
  -9.1899999999999995        0.0000000000000000     
  -9.1799999999999997        0.0000000000000000     
  -9.1699999999999999        0.0000000000000000     
  -9.1600000000000001        0.0000000000000000     
  -9.1499999999999986        0.0000000000000000     
  -9.1399999999999988        0.0000000000000000     
  -9.1299999999999990        0.0000000000000000     
  -9.1199999999999992        0.0000000000000000     
  -9.1099999999999994        0.0000000000000000     
  -9.0999999999999996        0.0000000000000000     
  -9.0899999999999999        0.0000000000000000     
  -9.0800000000000001        0.0000000000000000     
  -9.0699999999999985        0.0000000000000000     
  -9.0599999999999987        0.0000000000000000     
  -9.0499999999999989        0.0000000000000000     
  -9.0399999999999991        0.0000000000000000     
  -9.0299999999999994        0.0000000000000000     
  -9.0199999999999996        0.0000000000000000     
  -9.0099999999999998        0.0000000000000000     
  -9.0000000000000000        0.0000000000000000     
  -8.9899999999999984        0.0000000000000000     
  -8.9799999999999986        0.0000000000000000     
  -8.9699999999999989        0.0000000000000000     
  -8.9599999999999991        8.8931816251424378E-323
  -8.9499999999999993        1.3369416376464131E-319
  -8.9399999999999995        1.0981217173631735E-316
  -8.9299999999999997        8.7348610596527522E-314
  -8.9199999999999999        6.7344711313170289E-311
  -8.9100000000000001        5.0326150098656539E-308
  -8.8999999999999986        3.6452454605520780E-305
  -8.8899999999999988        2.5591918354007980E-302
  -8.8799999999999990        1.7414942306206870E-299
  -8.8699999999999992        1.1486415326940765E-296
  -8.8599999999999994        7.3432854788188064E-294
  -8.8499999999999996        4.5502983880978262E-291
  -8.8399999999999999        2.7329586278611761E-288
  -8.8300000000000001        1.5909997258685601E-285
  -8.8199999999999985        8.9774123193077241E-283
  -8.8099999999999987        4.9099425937745658E-280
  -8.7999999999999989        2.6028311116505667E-277
  -8.7899999999999991        1.3373961118397581E-274
  -8.7799999999999994        6.6606831979469757E-272
  -8.7699999999999996        3.2153060560439863E-269
  -8.7599999999999998        1.5044260523499792E-266
  -8.7500000000000000        6.8228296581942549E-264
  -8.7399999999999984        2.9991869659592168E-261
  -8.7299999999999986        1.2778740611596736E-258
  -8.7199999999999989        5.2773785844084611E-256
  -8.7099999999999991        2.1124882760208274E-253
  -8.6999999999999993        8.1962728786587491E-251
  -8.6899999999999995        3.0823698018731590E-248
  -8.6799999999999997        1.1235683403186546E-245
  -8.6699999999999999        3.9697289733520245E-243
  -8.6600000000000001        1.3594681201374831E-240
  -8.6499999999999986        4.5125726153041326E-238
  -8.6399999999999988        1.4518661701499043E-235
  -8.6299999999999990        4.5276868241926844E-233
  -8.6199999999999992        1.3685913549121273E-230
  -8.6099999999999994        4.0097660632349511E-228
  -8.5999999999999996        1.1387078772656506E-225
  -8.5899999999999999        3.1343960993329621E-223
  -8.5800000000000001        8.3626499385026434E-221
  -8.5699999999999985        2.1626322193016540E-218
  -8.5599999999999987        5.4208870935484859E-216
  -8.5499999999999989        1.3170650639954612E-213
  -8.5399999999999991        3.1016551533861767E-211
  -8.5299999999999994        7.0799378528786069E-209
  -8.5199999999999996        1.5664454666874783E-206
  -8.5099999999999998        3.3593191426511871E-204
  -8.5000000000000000        6.9829294350797102E-202
  -8.4899999999999984        1.4069371746734170E-199
  -8.4799999999999986        2.7476580465528584E-197
  -8.4699999999999989        5.2011796486857040E-195
  -8.4599999999999991        9.5431663328927470E-193
  -8.4499999999999993        1.6972072446831766E-190
  -8.4399999999999995        2.9256966044385920E-188
  -8.4299999999999997        4.8885044340834945E-186
  -8.4199999999999999        7.9172680221764046E-184
  -8.4100000000000001        1.2428753869735103E-181
  -8.3999999999999986        1.8911807490507226E-179
  -8.3899999999999988        2.7892793341392326E-177
  -8.3799999999999990        3.9875378205053539E-175
  -8.3699999999999992        5.5255024772815900E-173
  -8.3599999999999994        7.4215261955062391E-171
  -8.3499999999999996        9.6620546386318646E-169
  -8.3399999999999999        1.2192728718428361E-166
  -8.3300000000000001        1.4913783605208338E-164
  -8.3199999999999985        1.7681968845094193E-162
  -8.3099999999999987        2.0320276934937212E-160
  -8.2999999999999989        2.2635245481412613E-158
  -8.2899999999999991        2.4439806029523101E-156
  -8.2799999999999994        2.5578062379724055E-154
  -8.2699999999999996        2.5947484479724547E-152
  -8.2599999999999998        2.5514144349354823E-150
  -8.2500000000000000        2.4317856427447655E-148
  -8.2399999999999984        2.2466143063949207E-146
  -8.2299999999999986        2.0118292632979072E-144
  -8.2199999999999989        1.7462785668539000E-142
  -8.2099999999999991        1.4692515872056659E-140
  -8.1999999999999993        1.1982281134460560E-138
  -8.1899999999999995        9.4720502216621537E-137
  -8.1799999999999997        7.2578852644889835E-135
  -8.1699999999999999        5.3906148448059991E-133
  -8.1600000000000001        3.8808699967513425E-131
  -8.1499999999999986        2.7082139684495436E-129
  -8.1399999999999988        1.8318944660014349E-127
  -8.1299999999999990        1.2011079668333833E-125
  -8.1199999999999992        7.6335806478872390E-124
  -8.1099999999999994        4.7026185014994529E-122
  -8.0999999999999996        2.8081283588810596E-120
  -8.0899999999999999        1.6254008802362568E-118
  -8.0799999999999983        9.1194981066268287E-117
  -8.0699999999999985        4.9596256032441944E-115
  -8.0599999999999987        2.6145380652335132E-113
  -8.0499999999999989        1.3360102509767571E-111
  -8.0399999999999991        6.6175007223353928E-110
  -8.0299999999999994        3.1772270069832923E-108
  -8.0199999999999996        1.4786766192354898E-106
  -8.0099999999999998        6.6706716823588632E-105
  -7.9999999999999991        2.9170107532972774E-103
  -7.9899999999999993        1.2364578597920724E-101
  -7.9799999999999995        5.0803563251440220E-100
  -7.9699999999999989        2.0234074776937046E-098
  -7.9599999999999991        7.8117372444375629E-097
  -7.9499999999999993        2.9233970160675998E-095
  -7.9399999999999995        1.0604853781022301E-093
  -7.9299999999999997        3.7290578576229734E-092
  -7.9199999999999990        1.2710773198944910E-090
  -7.9099999999999993        4.1997565025362741E-089
  -7.8999999999999995        1.3451058217117893E-087
  -7.8899999999999988        4.1760907062728733E-086
  -7.8799999999999990        1.2567979935288334E-084
  -7.8699999999999992        3.6664359289334393E-083
  -7.8599999999999994        1.0368281870839281E-081
  -7.8499999999999996        2.8421997728562520E-080
  -7.8399999999999990        7.5524625429980635E-079
  -7.8299999999999992        1.9454041101035182E-077
  -7.8199999999999994        4.8575745388632039E-076
  -7.8099999999999987        1.1757599741154248E-074
  -7.7999999999999989        2.7587262999573720E-073
  -7.7899999999999991        6.2746648101549284E-072
  -7.7799999999999994        1.3834570530710970E-070
  -7.7699999999999996        2.9568913599546637E-069
  -7.7599999999999998        6.1263376643819467E-068
  -7.7499999999999991        1.2304493681580571E-066
  -7.7399999999999993        2.3956603422290802E-065
  -7.7299999999999995        4.5215452871375917E-064
  -7.7199999999999989        8.2727554165913261E-063
  -7.7099999999999991        1.4672925183249044E-061
  -7.6999999999999993        2.5228303730738444E-060
  -7.6899999999999995        4.2049989407115242E-059
  -7.6799999999999997        6.7944129559957632E-058
  -7.6699999999999990        1.0642605641144347E-056
  -7.6599999999999993        1.6160538005380112E-055
  -7.6499999999999995        2.3789064770948443E-054
  -7.6399999999999988        3.3948031000020221E-053
  -7.6299999999999990        4.6964478576217099E-052
  -7.6199999999999992        6.2986026269124258E-051
  -7.6099999999999994        8.1891886456875530E-050
  -7.5999999999999996        1.0321949965479149E-048
  -7.5899999999999990        1.2612731785064993E-047
  -7.5799999999999992        1.4941201457531687E-046
  -7.5699999999999994        1.7159053778089171E-045
  -7.5599999999999987        1.9104478955791285E-044
  -7.5499999999999989        2.0621193691034280E-043
  -7.5399999999999991        2.1579031243862194E-042
  -7.5299999999999994        2.1892357370746988E-041
  -7.5199999999999996        2.1532704229654261E-040
  -7.5099999999999998        2.0533038420397570E-039
  -7.4999999999999991        1.8982776165528652E-038
  -7.4899999999999993        1.7014590152922826E-037
  -7.4799999999999995        1.4785705514963781E-036
  -7.4699999999999989        1.2457333457899919E-035
  -7.4599999999999991        1.0175937810357747E-034
  -7.4499999999999993        8.0592405464391442E-034
  -7.4399999999999995        6.1885412447569360E-033
  -7.4299999999999997        4.6074572945169033E-032
  -7.4199999999999990        3.3259656525954574E-031
  -7.4099999999999993        2.3278895720994039E-030
  -7.3999999999999995        1.5797928452842026E-029
  -7.3899999999999988        1.0395281969452527E-028
  -7.3799999999999990        6.6324842221762257E-028
  -7.3699999999999992        4.1032286190848441E-027
  -7.3599999999999994        2.4614484145345570E-026
  -7.3499999999999996        1.4317842702910488E-025
  -7.3399999999999990        8.0759359617785124E-025
  -7.3299999999999992        4.4171639542864508E-024
  -7.3199999999999994        2.3428087978824079E-023
  -7.3099999999999987        1.2049819184754862E-022
  -7.2999999999999989        6.0101133619212475E-022
  -7.2899999999999991        2.9070451557631594E-021
  -7.2799999999999994        1.3636310220765725E-020
  -7.2699999999999996        6.2033666658855832E-020
  -7.2599999999999998        2.7368661610939144E-019
  -7.2499999999999991        1.1710779982620836E-018
  -7.2399999999999993        4.8599912526461565E-018
  -7.2299999999999995        1.9562055258506055E-017
  -7.2199999999999989        7.6372226705788106E-017
  -7.2099999999999991        2.8920902210483906E-016
  -7.1999999999999993        1.0623262556904601E-015
  -7.1899999999999995        3.7852004929456949E-015
  -7.1799999999999997        1.3083409951034062E-014
  -7.1699999999999990        4.3870377807299249E-014
  -7.1599999999999993        1.4271138139782119E-013
  -7.1499999999999995        4.5040414641391476E-013
  -7.1399999999999988        1.3791890470269789E-012
  -7.1299999999999990        4.0977504017383954E-012
  -7.1199999999999992        1.1813858854095386E-011
  -7.1099999999999994        3.3051314397593164E-011
  -7.0999999999999996        8.9735537927270314E-011
  -7.0899999999999999        2.3645541462508295E-010
  -7.0799999999999992        6.0474988444307337E-010
  -7.0699999999999994        1.5013411375159129E-009
  -7.0599999999999987        3.6182474972343977E-009
  -7.0499999999999989        8.4659149750955163E-009
  -7.0399999999999991        1.9233188507618026E-008
  -7.0299999999999994        4.2430619498855533E-008
  -7.0199999999999996        9.0909960035179408E-008
  -7.0099999999999998        1.8919329012532116E-007
  -6.9999999999999991        3.8249495352420487E-007
  -6.9899999999999993        7.5134768531190144E-007
  -6.9799999999999986        1.4342593459672832E-006
  -6.9699999999999989        2.6611514900602156E-006
  -6.9599999999999991        4.8001927720929685E-006
  -6.9499999999999993        8.4196921151296735E-006
  -6.9399999999999995        1.4364610064303831E-005
  -6.9299999999999997        2.3843762599864606E-005
  -6.9199999999999990        3.8519016064681251E-005
  -6.9099999999999993        6.0582270954510033E-005
  -6.8999999999999986        9.2800947746128355E-005
  -6.8899999999999988        1.3850966243449337E-004
  -6.8799999999999990        2.0152664717769869E-004
  -6.8699999999999992        2.8597971885002655E-004
  -6.8599999999999994        3.9603870749775573E-004
  -6.8499999999999996        5.3556814656676723E-004
  -6.8399999999999999        7.0773285350908359E-004
  -6.8299999999999992        9.1460555149370517E-004
  -6.8199999999999994        1.1568352259821520E-003
  -6.8099999999999987        1.4334337270879478E-003
  -6.7999999999999989        1.7417247405754827E-003
  -6.7899999999999991        2.0774752652753343E-003
  -6.7799999999999994        2.4351997661033386E-003
  -6.7699999999999996        2.8085977677218500E-003
  -6.7599999999999998        3.1910635207263046E-003
  -6.7499999999999991        3.5761964670751427E-003
  -6.7399999999999993        3.9582453694606765E-003
  -6.7299999999999986        4.3324354160073483E-003
  -6.7199999999999989        4.6951517656209181E-003
  -6.7099999999999991        5.0439788779981926E-003
  -6.6999999999999993        5.3776169529986774E-003
  -6.6899999999999995        5.6957110390953901E-003
  -6.6799999999999997        5.9986334794672113E-003
  -6.6699999999999990        6.2872573104159057E-003
  -6.6599999999999993        6.5627495711896274E-003
  -6.6499999999999986        6.8264023735960981E-003
  -6.6399999999999988        7.0795088300658919E-003
  -6.6299999999999990        7.3232824568694212E-003
  -6.6199999999999992        7.5588132810934447E-003
  -6.6099999999999994        7.7870514921336469E-003
  -6.5999999999999996        8.0088094175427352E-003
  -6.5899999999999999        8.2247739803174100E-003
  -6.5799999999999992        8.4355237866794736E-003
  -6.5699999999999994        8.6415469965617758E-003
  -6.5599999999999987        8.8432577974793744E-003
  -6.5499999999999989        9.0410105093424887E-003
  -6.5399999999999991        9.2351111117190323E-003
  -6.5299999999999994        9.4258263980482853E-003
  -6.5199999999999996        9.6133911339024887E-003
  -6.5099999999999998        9.7980136260506692E-003
  -6.4999999999999991        9.9798800674761861E-003
  -6.4899999999999993        1.0159157956120995E-002
  -6.4799999999999986        1.0335998816774395E-002
  -6.4699999999999989        1.0510540397017619E-002
  -6.4599999999999991        1.0682908462455634E-002
  -6.4499999999999993        1.0853218282575315E-002
  -6.4399999999999995        1.1021575874218328E-002
  -6.4299999999999997        1.1188079052334640E-002
  -6.4199999999999990        1.1352818325414803E-002
  -6.4099999999999993        1.1515877664216134E-002
  -6.3999999999999986        1.1677335166015875E-002
  -6.3899999999999988        1.1837263631926170E-002
  -6.3799999999999990        1.1995731071275129E-002
  -6.3699999999999992        1.2152801144356074E-002
  -6.3599999999999994        1.2308533552773528E-002
  -6.3499999999999996        1.2462984384959431E-002
  -6.3399999999999999        1.2616206423149591E-002
  -6.3299999999999992        1.2768249417057958E-002
  -6.3199999999999994        1.2919160328651492E-002
  -6.3099999999999987        1.3068983551736461E-002
  -6.2999999999999989        1.3217761109512626E-002
  -6.2899999999999991        1.3365532832783975E-002
  -6.2799999999999994        1.3512336521116393E-002
  -6.2699999999999996        1.3658208088940105E-002
  -6.2599999999999998        1.3803181698292198E-002
  -6.2499999999999991        1.3947289879684792E-002
  -6.2399999999999993        1.4090563642395785E-002
  -6.2299999999999986        1.4233032575287342E-002
  -6.2199999999999989        1.4374724939161516E-002
  -6.2099999999999991        1.4515667751495227E-002
  -6.1999999999999993        1.4655886864328210E-002
  -6.1899999999999995        1.4795407035967526E-002
  -6.1799999999999997        1.4934251997114546E-002
  -6.1699999999999990        1.5072444511924412E-002
  -6.1599999999999993        1.5210006434484195E-002
  -6.1499999999999986        1.5346958761117019E-002
  -6.1399999999999988        1.5483321678890400E-002
  -6.1299999999999990        1.5619114610656586E-002
  -6.1199999999999992        1.5754356256935841E-002
  -6.1099999999999994        1.5889064634907080E-002
  -6.0999999999999996        1.6023257114730773E-002
  -6.0899999999999999        1.6156950453460221E-002
  -6.0799999999999992        1.6290160826701400E-002
  -6.0699999999999994        1.6422903858226531E-002
  -6.0599999999999987        1.6555194647683149E-002
  -6.0499999999999989        1.6687047796567194E-002
  -6.0399999999999991        1.6818477432564930E-002
  -6.0299999999999994        1.6949497232420747E-002
  -6.0199999999999996        1.7080120443416783E-002
  -6.0099999999999998        1.7210359903560894E-002
  -5.9999999999999991        1.7340228060612063E-002
  -5.9899999999999993        1.7469736989973790E-002
  -5.9799999999999986        1.7598898411586156E-002
  -5.9699999999999989        1.7727723705851222E-002
  -5.9599999999999991        1.7856223928674902E-002
  -5.9499999999999993        1.7984409825679355E-002
  -5.9399999999999995        1.8112291845640893E-002
  -5.9299999999999997        1.8239880153208914E-002
  -5.9199999999999990        1.8367184640951845E-002
  -5.9099999999999993        1.8494214940762557E-002
  -5.8999999999999986        1.8620980434691251E-002
  -5.8899999999999988        1.8747490265200624E-002
  -5.8799999999999990        1.8873753344924991E-002
  -5.8699999999999992        1.8999778365924511E-002
  -5.8599999999999994        1.9125573808496745E-002
  -5.8499999999999996        1.9251147949546268E-002
  -5.8399999999999999        1.9376508870555496E-002
  -5.8299999999999992        1.9501664465179178E-002
  -5.8199999999999994        1.9626622446465333E-002
  -5.8099999999999987        1.9751390353764754E-002
  -5.7999999999999989        1.9875975559292405E-002
  -5.7899999999999991        2.0000385274410452E-002
  -5.7799999999999994        2.0124626555619862E-002
  -5.7699999999999996        2.0248706310281507E-002
  -5.7599999999999998        2.0372631302088672E-002
  -5.7499999999999991        2.0496408156296931E-002
  -5.7399999999999993        2.0620043364739264E-002
  -5.7299999999999986        2.0743543290598864E-002
  -5.7199999999999989        2.0866914173009003E-002
  -5.7099999999999991        2.0990162131450506E-002
  -5.6999999999999993        2.1113293169949799E-002
  -5.6899999999999995        2.1236313181133375E-002
  -5.6799999999999997        2.1359227950098411E-002
  -5.6699999999999990        2.1482043158124051E-002
  -5.6599999999999993        2.1604764386251817E-002
  -5.6499999999999986        2.1727397118710141E-002
  -5.6399999999999988        2.1849946746208524E-002
  -5.6299999999999990        2.1972418569113333E-002
  -5.6199999999999992        2.2094817800484893E-002
  -5.6099999999999994        2.2217149569014369E-002
  -5.5999999999999996        2.2339418921843195E-002
  -5.5899999999999999        2.2461630827279009E-002
  -5.5799999999999992        2.2583790177416456E-002
  -5.5699999999999994        2.2705901790650490E-002
  -5.5599999999999987        2.2827970414110839E-002
  -5.5499999999999989        2.2950000726006801E-002
  -5.5399999999999991        2.3071997337884290E-002
  -5.5299999999999994        2.3193964796810452E-002
  -5.5199999999999996        2.3315907587477473E-002
  -5.5099999999999998        2.3437830134232864E-002
  -5.4999999999999991        2.3559736803053868E-002
  -5.4899999999999993        2.3681631903429947E-002
  -5.4799999999999986        2.3803519690218093E-002
  -5.4699999999999989        2.3925404365398296E-002
  -5.4599999999999991        2.4047290079802445E-002
  -5.4499999999999993        2.4169180934774638E-002
  -5.4399999999999995        2.4291080983772445E-002
  -5.4299999999999997        2.4412994233932814E-002
  -5.4199999999999990        2.4534924647579327E-002
  -5.4099999999999993        2.4656876143676645E-002
  -5.3999999999999986        2.4778852599260579E-002
  -5.3899999999999988        2.4900857850802791E-002
  -5.3799999999999990        2.5022895695548397E-002
  -5.3699999999999992        2.5144969892811002E-002
  -5.3599999999999994        2.5267084165222092E-002
  -5.3499999999999996        2.5389242199958677E-002
  -5.3399999999999999        2.5511447649925509E-002
  -5.3299999999999992        2.5633704134903939E-002
  -5.3199999999999994        2.5756015242672597E-002
  -5.3099999999999987        2.5878384530091281E-002
  -5.2999999999999989        2.6000815524170082E-002
  -5.2899999999999991        2.6123311723084252E-002
  -5.2799999999999994        2.6245876597189539E-002
  -5.2699999999999996        2.6368513589989349E-002
  -5.2599999999999998        2.6491226119089498E-002
  -5.2499999999999991        2.6614017577123214E-002
  -5.2399999999999993        2.6736891332650781E-002
  -5.2299999999999986        2.6859850731044278E-002
  -5.2199999999999989        2.6982899095343554E-002
  -5.2099999999999991        2.7106039727093276E-002
  -5.1999999999999993        2.7229275907158720E-002
  -5.1899999999999995        2.7352610896528538E-002
  -5.1799999999999988        2.7476047937088972E-002
  -5.1699999999999990        2.7599590252387330E-002
  -5.1599999999999993        2.7723241048376177E-002
  -5.1499999999999995        2.7847003514139591E-002
  -5.1399999999999988        2.7970880822609078E-002
  -5.1299999999999990        2.8094876131253190E-002
  -5.1199999999999992        2.8218992582763395E-002
  -5.1099999999999994        2.8343233305722273E-002
  -5.0999999999999996        2.8467601415253053E-002
  -5.0899999999999990        2.8592100013660207E-002
  -5.0799999999999992        2.8716732191062796E-002
  -5.0699999999999994        2.8841501026006744E-002
  -5.0599999999999996        2.8966409586058180E-002
  -5.0499999999999989        2.9091460928418942E-002
  -5.0399999999999991        2.9216658100484540E-002
  -5.0299999999999994        2.9342004140430339E-002
  -5.0199999999999996        2.9467502077764211E-002
  -5.0099999999999989        2.9593154933881975E-002
  -4.9999999999999991        2.9718965722612335E-002
  -4.9899999999999993        2.9844937450738237E-002
  -4.9799999999999995        2.9971073118537236E-002
  -4.9699999999999989        3.0097375720284446E-002
  -4.9599999999999991        3.0223848244768432E-002
  -4.9499999999999993        3.0350493675791484E-002
  -4.9399999999999995        3.0477314992657652E-002
  -4.9299999999999988        3.0604315170664906E-002
  -4.9199999999999990        3.0731497181584150E-002
  -4.9099999999999993        3.0858863994128884E-002
  -4.8999999999999995        3.0986418574424288E-002
  -4.8899999999999988        3.1114163886471913E-002
  -4.8799999999999990        3.1242102892600421E-002
  -4.8699999999999992        3.1370238553914985E-002
  -4.8599999999999994        3.1498573830752399E-002
  -4.8499999999999988        3.1627111683106467E-002
  -4.8399999999999990        3.1755855071077595E-002
  -4.8299999999999992        3.1884806955289557E-002
  -4.8199999999999994        3.2013970297329948E-002
  -4.8099999999999996        3.2143348060164841E-002
  -4.7999999999999989        3.2272943208558814E-002
  -4.7899999999999991        3.2402758709494175E-002
  -4.7799999999999994        3.2532797532574008E-002
  -4.7699999999999996        3.2663062650444621E-002
  -4.7599999999999989        3.2793557039188681E-002
  -4.7499999999999991        3.2924283678734352E-002
  -4.7399999999999993        3.3055245553250408E-002
  -4.7299999999999995        3.3186445651550982E-002
  -4.7199999999999989        3.3317886967481551E-002
  -4.7099999999999991        3.3449572500323724E-002
  -4.6999999999999993        3.3581505255176586E-002
  -4.6899999999999995        3.3713688243347917E-002
  -4.6799999999999988        3.3846124482748173E-002
  -4.6699999999999990        3.3978816998261795E-002
  -4.6599999999999993        3.4111768822151965E-002
  -4.6499999999999995        3.4244982994422420E-002
  -4.6399999999999988        3.4378462563218276E-002
  -4.6299999999999990        3.4512210585200050E-002
  -4.6199999999999992        3.4646230125924965E-002
  -4.6099999999999994        3.4780524260212928E-002
  -4.5999999999999988        3.4915096072562365E-002
  -4.5899999999999990        3.5049948657481497E-002
  -4.5799999999999992        3.5185085119914875E-002
  -4.5699999999999994        3.5320508575579827E-002
  -4.5599999999999996        3.5456222151378315E-002
  -4.5499999999999989        3.5592228985754912E-002
  -4.5399999999999991        3.5728532229087763E-002
  -4.5299999999999994        3.5865135044062947E-002
  -4.5199999999999996        3.6002040606054754E-002
  -4.5099999999999989        3.6139252103510773E-002
  -4.4999999999999991        3.6276772738333116E-002
  -4.4899999999999993        3.6414605726254670E-002
  -4.4799999999999995        3.6552754297231149E-002
  -4.4699999999999989        3.6691221695818753E-002
  -4.4599999999999991        3.6830011181574925E-002
  -4.4499999999999993        3.6969126029428492E-002
  -4.4399999999999995        3.7108569530069115E-002
  -4.4299999999999988        3.7248344990369435E-002
  -4.4199999999999990        3.7388455733729488E-002
  -4.4099999999999993        3.7528905100519240E-002
  -4.3999999999999995        3.7669696448432870E-002
  -4.3899999999999988        3.7810833152929296E-002
  -4.3799999999999990        3.7952318607600656E-002
  -4.3699999999999992        3.8094156224590704E-002
  -4.3599999999999994        3.8236349435003439E-002
  -4.3499999999999988        3.8378901689309478E-002
  -4.3399999999999990        3.8521816457754654E-002
  -4.3299999999999992        3.8665097230781188E-002
  -4.3199999999999994        3.8808747519443874E-002
  -4.3099999999999996        3.8952770855825380E-002
  -4.2999999999999989        3.9097170793466869E-002
  -4.2899999999999991        3.9241950907810443E-002
  -4.2799999999999994        3.9387114796596873E-002
  -4.2699999999999996        3.9532666080330015E-002
  -4.2599999999999989        3.9678608402710258E-002
  -4.2499999999999991        3.9824945431068751E-002
  -4.2399999999999993        3.9971680856828631E-002
  -4.2299999999999995        4.0118818395941641E-002
  -4.2199999999999989        4.0266361789353264E-002
  -4.2099999999999991        4.0414314803475224E-002
  -4.1999999999999993        4.0562681230618465E-002
  -4.1899999999999995        4.0711464889503779E-002
  -4.1799999999999988        4.0860669625701208E-002
  -4.1699999999999990        4.1010299312139141E-002
  -4.1599999999999993        4.1160357849575308E-002
  -4.1499999999999995        4.1310849167083698E-002
  -4.1399999999999988        4.1461777222569121E-002
  -4.1299999999999990        4.1613146003246983E-002
  -4.1199999999999992        4.1764959526174518E-002
  -4.1099999999999994        4.1917221838755549E-002
  -4.0999999999999988        4.2069937019250450E-002
  -4.0899999999999990        4.2223109177323144E-002
  -4.0799999999999992        4.2376742454567698E-002
  -4.0699999999999994        4.2530841025037097E-002
  -4.0599999999999996        4.2685409095809181E-002
  -4.0499999999999989        4.2840450907526410E-002
  -4.0399999999999991        4.2995970734976692E-002
  -4.0299999999999994        4.3151972887626566E-002
  -4.0199999999999996        4.3308461710252343E-002
  -4.0099999999999989        4.3465441583473097E-002
  -3.9999999999999991        4.3622916924365623E-002
  -3.9899999999999993        4.3780892187070604E-002
  -3.9799999999999995        4.3939371863399523E-002
  -3.9699999999999989        4.4098360483441200E-002
  -3.9599999999999991        4.4257862616199191E-002
  -3.9499999999999993        4.4417882870236257E-002
  -3.9399999999999995        4.4578425894291014E-002
  -3.9299999999999988        4.4739496377966141E-002
  -3.9199999999999990        4.4901099052370712E-002
  -3.9099999999999993        4.5063238690800297E-002
  -3.8999999999999995        4.5225920109440383E-002
  -3.8899999999999988        4.5389148168012788E-002
  -3.8799999999999990        4.5552927770544316E-002
  -3.8699999999999992        4.5717263866037763E-002
  -3.8599999999999994        4.5882161449210992E-002
  -3.8499999999999988        4.6047625561252692E-002
  -3.8399999999999990        4.6213661290556901E-002
  -3.8299999999999992        4.6380273773486080E-002
  -3.8199999999999994        4.6547468195153749E-002
  -3.8099999999999996        4.6715249790213895E-002
  -3.7999999999999989        4.6883623843658774E-002
  -3.7899999999999991        4.7052595691632074E-002
  -3.7799999999999994        4.7222170722253862E-002
  -3.7699999999999996        4.7392354376471220E-002
  -3.7599999999999989        4.7563152148905836E-002
  -3.7499999999999991        4.7734569588735981E-002
  -3.7399999999999993        4.7906612300561056E-002
  -3.7299999999999995        4.8079285945331042E-002
  -3.7199999999999989        4.8252596241229226E-002
  -3.7099999999999991        4.8426548964635725E-002
  -3.6999999999999993        4.8601149951041693E-002
  -3.6899999999999995        4.8776405096056692E-002
  -3.6799999999999988        4.8952320356351754E-002
  -3.6699999999999990        4.9128901750685051E-002
  -3.6599999999999993        4.9306155360892653E-002
  -3.6499999999999995        4.9484087332959802E-002
  -3.6399999999999988        4.9662703878045597E-002
  -3.6299999999999990        4.9842011273566730E-002
  -3.6199999999999992        5.0022015864294112E-002
  -3.6099999999999994        5.0202724063468589E-002
  -3.5999999999999988        5.0384142353920816E-002
  -3.5899999999999990        5.0566277289240624E-002
  -3.5799999999999992        5.0749135494958006E-002
  -3.5699999999999994        5.0932723669725836E-002
  -3.5599999999999996        5.1117048586547885E-002
  -3.5499999999999989        5.1302117094046362E-002
  -3.5399999999999991        5.1487936117680017E-002
  -3.5299999999999994        5.1674512661109007E-002
  -3.5199999999999996        5.1861853807444284E-002
  -3.5099999999999989        5.2049966720638198E-002
  -3.4999999999999991        5.2238858646834405E-002
  -3.4899999999999993        5.2428536915779957E-002
  -3.4799999999999995        5.2619008942248933E-002
  -3.4699999999999989        5.2810282227462209E-002
  -3.4599999999999991        5.3002364360624596E-002
  -3.4499999999999993        5.3195263020421164E-002
  -3.4399999999999995        5.3388985976522252E-002
  -3.4299999999999988        5.3583541091217317E-002
  -3.4199999999999990        5.3778936320975038E-002
  -3.4099999999999993        5.3975179718119062E-002
  -3.3999999999999995        5.4172279432470619E-002
  -3.3899999999999988        5.4370243713086089E-002
  -3.3799999999999990        5.4569080909974553E-002
  -3.3699999999999992        5.4768799475910908E-002
  -3.3599999999999994        5.4969407968224443E-002
  -3.3499999999999988        5.5170915050663356E-002
  -3.3399999999999990        5.5373329495310659E-002
  -3.3299999999999992        5.5576660184498528E-002
  -3.3199999999999994        5.5780916112796119E-002
  -3.3099999999999996        5.5986106389036935E-002
  -3.2999999999999989        5.6192240238377822E-002
  -3.2899999999999991        5.6399327004402200E-002
  -3.2799999999999994        5.6607376151308821E-002
  -3.2699999999999996        5.6816397266059339E-002
  -3.2599999999999989        5.7026400060703419E-002
  -3.2499999999999991        5.7237394374623614E-002
  -3.2399999999999993        5.7449390176922625E-002
  -3.2299999999999995        5.7662397568821903E-002
  -3.2199999999999989        5.7876426786127401E-002
  -3.2099999999999991        5.8091488201742092E-002
  -3.1999999999999993        5.8307592328253034E-002
  -3.1899999999999995        5.8524749820562855E-002
  -3.1799999999999988        5.8742971478576274E-002
  -3.1699999999999990        5.8962268249994509E-002
  -3.1599999999999993        5.9182651233093027E-002
  -3.1499999999999995        5.9404131679639531E-002
  -3.1399999999999988        5.9626720997841817E-002
  -3.1299999999999990        5.9850430755395846E-002
  -3.1199999999999992        6.0075272682560424E-002
  -3.1099999999999994        6.0301258675345359E-002
  -3.0999999999999988        6.0528400798761525E-002
  -3.0899999999999990        6.0756711290160616E-002
  -3.0799999999999992        6.0986202562622424E-002
  -3.0699999999999994        6.1216887208481771E-002
  -3.0599999999999987        6.1448778002877534E-002
  -3.0499999999999989        6.1681887907446366E-002
  -3.0399999999999991        6.1916230074073507E-002
  -3.0299999999999994        6.2151817848756306E-002
  -3.0199999999999996        6.2388664775528492E-002
  -3.0099999999999989        6.2626784600545229E-002
  -2.9999999999999991        6.2866191276242128E-002
  -2.9899999999999993        6.3106898965556449E-002
  -2.9799999999999995        6.3348922046325959E-002
  -2.9699999999999989        6.3592275115776503E-002
  -2.9599999999999991        6.3836972995089294E-002
  -2.9499999999999993        6.4083030734168586E-002
  -2.9399999999999995        6.4330463616460540E-002
  -2.9299999999999988        6.4579287163907179E-002
  -2.9199999999999990        6.4829517142098322E-002
  -2.9099999999999993        6.5081169565453942E-002
  -2.8999999999999995        6.5334260702666055E-002
  -2.8899999999999988        6.5588807082179984E-002
  -2.8799999999999990        6.5844825497905074E-002
  -2.8699999999999992        6.6102333015003678E-002
  -2.8599999999999994        6.6361346975951085E-002
  -2.8499999999999988        6.6621885006631770E-002
  -2.8399999999999990        6.6883965022700040E-002
  -2.8299999999999992        6.7147605236080890E-002
  -2.8199999999999994        6.7412824161690907E-002
  -2.8099999999999987        6.7679640624265139E-002
  -2.7999999999999989        6.7948073765476708E-002
  -2.7899999999999991        6.8218143051211641E-002
  -2.7799999999999994        6.8489868279039162E-002
  -2.7699999999999996        6.8763269585938189E-002
  -2.7599999999999989        6.9038367456255689E-002
  -2.7499999999999991        6.9315182729807856E-002
  -2.7399999999999993        6.9593736610349094E-002
  -2.7299999999999995        6.9874050674210597E-002
  -2.7199999999999989        7.0156146879216841E-002
  -2.7099999999999991        7.0440047573884099E-002
  -2.6999999999999993        7.0725775506872438E-002
  -2.6899999999999995        7.1013353836753723E-002
  -2.6799999999999988        7.1302806142077596E-002
  -2.6699999999999990        7.1594156431709799E-002
  -2.6599999999999993        7.1887429155554836E-002
  -2.6499999999999995        7.2182649215574615E-002
  -2.6399999999999988        7.2479841977140733E-002
  -2.6299999999999990        7.2779033280820249E-002
  -2.6199999999999992        7.3080249454423291E-002
  -2.6099999999999994        7.3383517325571579E-002
  -2.5999999999999988        7.3688864234545973E-002
  -2.5899999999999990        7.3996318047682558E-002
  -2.5799999999999992        7.4305907171093394E-002
  -2.5699999999999994        7.4617660564920738E-002
  -2.5599999999999987        7.4931607758000784E-002
  -2.5499999999999989        7.5247778863117745E-002
  -2.5399999999999991        7.5566204592643793E-002
  -2.5299999999999994        7.5886916274850114E-002
  -2.5199999999999996        7.6209945870695114E-002
  -2.5099999999999989        7.6535325991167011E-002
  -2.4999999999999991        7.6863089915345018E-002
  -2.4899999999999993        7.7193271608958947E-002
  -2.4799999999999995        7.7525905743729237E-002
  -2.4699999999999989        7.7861027717295514E-002
  -2.4599999999999991        7.8198673673944549E-002
  -2.4499999999999993        7.8538880526012350E-002
  -2.4399999999999995        7.8881685976160729E-002
  -2.4299999999999988        7.9227128540337213E-002
  -2.4199999999999990        7.9575247571776267E-002
  -2.4099999999999993        7.9926083285684416E-002
  -2.3999999999999995        8.0279676785018697E-002
  -2.3899999999999988        8.0636070087223413E-002
  -2.3799999999999990        8.0995306151862206E-002
  -2.3699999999999992        8.1357428909498625E-002
  -2.3599999999999994        8.1722483291549505E-002
  -2.3499999999999988        8.2090515261443356E-002
  -2.3399999999999990        8.2461571846880605E-002
  -2.3299999999999992        8.2835701173530632E-002
  -2.3199999999999994        8.3212952499912077E-002
  -2.3099999999999987        8.3593376253843360E-002
  -2.2999999999999989        8.3977024070346171E-002
  -2.2899999999999991        8.4363948831072774E-002
  -2.2799999999999994        8.4754204705413366E-002
  -2.2699999999999996        8.5147847193375412E-002
  -2.2599999999999989        8.5544933170154561E-002
  -2.2499999999999991        8.5945520932855637E-002
  -2.2399999999999993        8.6349670248950572E-002
  -2.2299999999999995        8.6757442407110183E-002
  -2.2199999999999989        8.7168900270119754E-002
  -2.2099999999999991        8.7584108330222107E-002
  -2.1999999999999993        8.8003132766946324E-002
  -2.1899999999999995        8.8426041507563391E-002
  -2.1799999999999988        8.8852904290313367E-002
  -2.1699999999999990        8.9283792730597444E-002
  -2.1599999999999993        8.9718780390197678E-002
  -2.1499999999999995        9.0157942849917669E-002
  -2.1399999999999988        9.0601357785529274E-002
  -2.1299999999999990        9.1049105047524947E-002
  -2.1199999999999992        9.1501266744725196E-002
  -2.1099999999999994        9.1957927331985059E-002
  -2.0999999999999988        9.2419173702371377E-002
  -2.0899999999999990        9.2885095283924093E-002
  -2.0799999999999992        9.3355784141358242E-002
  -2.0699999999999994        9.3831335083116987E-002
  -2.0599999999999987        9.4311845773864589E-002
  -2.0499999999999989        9.4797416853157623E-002
  -2.0399999999999991        9.5288152060169592E-002
  -2.0299999999999994        9.5784158365439298E-002
  -2.0199999999999996        9.6285546109758105E-002
  -2.0099999999999989        9.6792429150661802E-002
  -1.9999999999999991        9.7304925017315455E-002
  -1.9899999999999993        9.7823155074101470E-002
  -1.9799999999999995        9.8347244693674618E-002
  -1.9699999999999989        9.8877323440100806E-002
  -1.9599999999999991        9.9413525262907407E-002
  -1.9499999999999993        9.9955988702610285E-002
  -1.9399999999999995       0.10050485710896219     
  -1.9299999999999988       0.10106027887236788     
  -1.9199999999999990       0.10162240766998509     
  -1.9099999999999993       0.10219140272729040     
  -1.8999999999999995       0.10276742909650792     
  -1.8899999999999988       0.10335065795317307     
  -1.8799999999999990       0.10394126691231408     
  -1.8699999999999992       0.10453944036598432     
  -1.8599999999999994       0.10514536984352982     
  -1.8499999999999988       0.10575925439727393     
  -1.8399999999999990       0.10638130101488139     
  -1.8299999999999992       0.10701172506159837     
  -1.8199999999999994       0.10765075075441019     
  -1.8099999999999987       0.10829861167139686     
  -1.7999999999999989       0.10895555129927043     
  -1.7899999999999991       0.10962182362307850     
  -1.7799999999999994       0.11029769376146700     
  -1.7699999999999996       0.11098343865273520     
  -1.7599999999999989       0.11167934779592431     
  -1.7499999999999991       0.11238572405331448     
  -1.7399999999999993       0.11310288451985763     
  -1.7299999999999995       0.11383116146745861     
  -1.7199999999999989       0.11457090337134078     
  -1.7099999999999991       0.11532247602806056     
  -1.6999999999999993       0.11608626377543459     
  -1.6899999999999995       0.11686267082549626     
  -1.6799999999999988       0.11765212272483683     
  -1.6699999999999990       0.11845506795638244     
  -1.6599999999999993       0.11927197970122307     
  -1.6499999999999995       0.12010335777952902     
  -1.6399999999999988       0.12094973079498951     
  -1.6299999999999990       0.12181165850868945     
  -1.6199999999999992       0.12268973447449126     
  -1.6099999999999994       0.12358458897252779     
  -1.5999999999999988       0.12449689228370323     
  -1.5899999999999990       0.12542735835635038     
  -1.5799999999999992       0.12637674892616751     
  -1.5699999999999994       0.12734587815905229     
  -1.5599999999999987       0.12833561790714970     
  -1.5499999999999989       0.12934690368025051     
  -1.5399999999999991       0.13038074146269463     
  -1.5299999999999994       0.13143821553520024     
  -1.5199999999999996       0.13252049750449627     
  -1.5099999999999989       0.13362885680758096     
  -1.4999999999999991       0.13476467304853074     
  -1.4899999999999993       0.13592945068829773     
  -1.4799999999999995       0.13712483686361693     
  -1.4699999999999989       0.13835264357605351     
  -1.4599999999999991       0.13961487627790140     
  -1.4499999999999993       0.14091377225438298     
  -1.4399999999999995       0.14225185446041974     
  -1.4299999999999988       0.14363201009620533     
  -1.4199999999999990       0.14505760867719542     
  -1.4099999999999993       0.14653268208394807     
  -1.3999999999999995       0.14806219905091961     
  -1.3899999999999988       0.14965247784489308     
  -1.3799999999999990       0.15131179101806655     
  -1.3699999999999992       0.15305122038289165     
  -1.3599999999999994       0.15488581155137199     
  -1.3499999999999988       0.15683604626420333     
  -1.3399999999999990       0.15892958800168433     
  -1.3299999999999992       0.16120315617235248     
  -1.3199999999999994       0.16370424929882646     
  -1.3099999999999987       0.16649228478791878     
  -1.2999999999999989       0.16963858631350309     
  -1.2899999999999991       0.17322457991238954     
  -1.2799999999999994       0.17733761456905289     
  -1.2699999999999987       0.18206405132520437     
  -1.2599999999999989       0.18747968496459377     
  -1.2499999999999991       0.19363814065728391     
  -1.2399999999999993       0.20055852896276674     
  -1.2299999999999995       0.20821419650939688     
  -1.2199999999999989       0.21652470338224789     
  -1.2099999999999991       0.22535304443103316     
  -1.1999999999999993       0.23450954301949717     
  -1.1899999999999995       0.24376283477461141     
  -1.1799999999999997       0.25285710569270170     
  -1.1699999999999999       0.26153352683502179     
  -1.1599999999999984       0.26955293322074986     
  -1.1499999999999986       0.27671646120206589     
  -1.1399999999999988       0.28288118510953231     
  -1.1299999999999990       0.28796871023762532     
  -1.1199999999999992       0.29196596536581082     
  -1.1099999999999994       0.29491878908573765     
  -1.0999999999999996       0.29692001874617868     
  -1.0899999999999999       0.29809445250779321     
  -1.0799999999999983       0.29858318178788246     
  -1.0699999999999985       0.29852943979979563     
  -1.0599999999999987       0.29806744081921105     
  -1.0499999999999989       0.29731489631546826     
  -1.0399999999999991       0.29636917345069946     
  -1.0299999999999994       0.29530653468820767     
  -1.0199999999999996       0.29418361479055322     
  -1.0099999999999998       0.29304023632951759     
  -1.0000000000000000       0.29190277628566502     
 -0.98999999999999844       0.29078749797436559     
 -0.97999999999999865       0.28970348530038859     
 -0.96999999999999886       0.28865501176005770     
 -0.95999999999999908       0.28764332019283922     
 -0.94999999999999929       0.28666787671516586     
 -0.93999999999999950       0.28572720211734115     
 -0.92999999999999972       0.28481939042589938     
 -0.91999999999999993       0.28394241154778416     
 -0.90999999999999837       0.28309427417253147     
 -0.89999999999999858       0.28227310373582615     
 -0.88999999999999879       0.28147717205062162     
 -0.87999999999999901       0.28070490147228472     
 -0.86999999999999922       0.27995485698730616     
 -0.85999999999999943       0.27922573355678865     
 -0.84999999999999964       0.27851634242906548     
 -0.83999999999999986       0.27782559811650420     
 -0.82999999999999829       0.27715250667498081     
 -0.81999999999999851       0.27649615542173567     
 -0.80999999999999872       0.27585570400701243     
 -0.79999999999999893       0.27523037668194122     
 -0.78999999999999915       0.27461945559398965     
 -0.77999999999999936       0.27402227495440223     
 -0.76999999999999957       0.27343821594538315     
 -0.75999999999999979       0.27286670225422438     
 -0.75000000000000000       0.27230719614191207     
 -0.73999999999999844       0.27175919496828294     
 -0.72999999999999865       0.27122222810723656     
 -0.71999999999999886       0.27069585419420067     
 -0.70999999999999908       0.27017965864845395     
 -0.69999999999999929       0.26967325140563692     
 -0.68999999999999950       0.26917626476530648     
 -0.67999999999999972       0.26868835119263679     
 -0.66999999999999993       0.26820918076962963     
 -0.65999999999999837       0.26773843771445405     
 -0.64999999999999858       0.26727581487526691     
 -0.63999999999999879       0.26682100421095956     
 -0.62999999999999901       0.26637367979973214     
 -0.61999999999999922       0.26593346763792058     
 -0.60999999999999943       0.26549989321594136     
 -0.59999999999999964       0.26507229354277045     
 -0.58999999999999986       0.26464967524377037     
 -0.57999999999999829       0.26423049548147498     
 -0.56999999999999851       0.26381233946680283     
 -0.55999999999999872       0.26339146989361850     
 -0.54999999999999893       0.26296223308044731     
 -0.53999999999999915       0.26251632728511637     
 -0.52999999999999936       0.26204197261304141     
 -0.51999999999999957       0.26152306821606552     
 -0.50999999999999979       0.26093847545623194     
 -0.49999999999999822       0.26026161418279181     
 -0.48999999999999844       0.25946058725904125     
 -0.47999999999999865       0.25849903824162512     
 -0.46999999999999886       0.25733788448043116     
 -0.45999999999999908       0.25593794859553687     
 -0.44999999999999929       0.25426334632289260     
 -0.43999999999999950       0.25228530622483053     
 -0.42999999999999972       0.24998593826147628     
 -0.41999999999999993       0.24736137911990835     
 -0.40999999999999837       0.24442375847401501     
 -0.39999999999999858       0.24120156554819699     
 -0.38999999999999879       0.23773823280729955     
 -0.37999999999999901       0.23408904742827102     
 -0.36999999999999922       0.23031678708556808     
 -0.35999999999999943       0.22648668915004744     
 -0.34999999999999964       0.22266145392206019     
 -0.33999999999999986       0.21889693630734564     
 -0.32999999999999829       0.21523901447118909     
 -0.31999999999999851       0.21172188435911740     
 -0.30999999999999872       0.20836777451861066     
 -0.29999999999999893       0.20518786135813202     
 -0.28999999999999915       0.20218402802270746     
 -0.27999999999999936       0.19935106325956978     
 -0.26999999999999957       0.19667892983279645     
 -0.25999999999999979       0.19415481957534708     
 -0.24999999999999822       0.19176482289233412     
 -0.23999999999999844       0.18949514679601734     
 -0.22999999999999865       0.18733289880708376     
 -0.21999999999999886       0.18526650643654155     
 -0.20999999999999908       0.18328586464572666     
 -0.19999999999999929       0.18138230348640844     
 -0.18999999999999950       0.17954845390764598     
 -0.17999999999999972       0.17777806962971399     
 -0.16999999999999993       0.17606584296362085     
 -0.15999999999999837       0.17440723586491269     
 -0.14999999999999858       0.17279833556477583     
 -0.13999999999999879       0.17123573659493926     
 -0.12999999999999901       0.16971644698222005     
 -0.11999999999999922       0.16823781472605492     
 -0.10999999999999943       0.16679747041685339     
  -9.9999999999999645E-002  0.16539328229535247     
  -8.9999999999999858E-002  0.16402332074116410     
  -7.9999999999998295E-002  0.16268582987183072     
  -6.9999999999998508E-002  0.16137920452424304     
  -5.9999999999998721E-002  0.16010197134968909     
  -4.9999999999998934E-002  0.15885277309631221     
  -3.9999999999999147E-002  0.15763035539779063     
  -2.9999999999999361E-002  0.15643355556127803     
  -1.9999999999999574E-002  0.15526129297275743     
  -9.9999999999997868E-003  0.15411256082598873     
   1.7763568394002505E-015  0.15298641894661882     
   1.0000000000001563E-002  0.15188198753050047     
   2.0000000000001350E-002  0.15079844165147299     
   3.0000000000001137E-002  0.14973500642142445     
   4.0000000000000924E-002  0.14869095270671548     
   5.0000000000000711E-002  0.14766559332192053     
   6.0000000000000497E-002  0.14665827963555553     
   7.0000000000000284E-002  0.14566839853230862     
   8.0000000000000071E-002  0.14469536968619259     
   9.0000000000001634E-002  0.14373864310510598     
  0.10000000000000142       0.14279769691371849     
  0.11000000000000121       0.14187203534623286     
  0.12000000000000099       0.14096118692465481     
  0.13000000000000078       0.14006470280125935     
  0.14000000000000057       0.13918215524756619     
  0.15000000000000036       0.13831313627335154     
  0.16000000000000014       0.13745725636250089     
  0.17000000000000171       0.13661414331315058     
  0.18000000000000149       0.13578344117182917     
  0.19000000000000128       0.13496480925214471     
  0.20000000000000107       0.13415792122988648     
  0.21000000000000085       0.13336246430707199     
  0.22000000000000064       0.13257813843867292     
  0.23000000000000043       0.13180465561626611     
  0.24000000000000021       0.13104173920333456     
  0.25000000000000178       0.13028912331774037     
  0.26000000000000156       0.12954655225735992     
  0.27000000000000135       0.12881377996493909     
  0.28000000000000114       0.12809056952924844     
  0.29000000000000092       0.12737669271911645     
  0.30000000000000071       0.12667192954815590     
  0.31000000000000050       0.12597606786714144     
  0.32000000000000028       0.12528890298245299     
  0.33000000000000007       0.12461023729825355     
  0.34000000000000163       0.12393987998053009     
  0.35000000000000142       0.12327764664159735     
  0.36000000000000121       0.12262335904334110     
  0.37000000000000099       0.12197684481795411     
  0.38000000000000078       0.12133793720490843     
  0.39000000000000057       0.12070647480288597     
  0.40000000000000036       0.12008230133584238     
  0.41000000000000014       0.11946526543186020     
  0.42000000000000171       0.11885522041455937     
  0.43000000000000149       0.11825202410540579     
  0.44000000000000128       0.11765553863688359     
  0.45000000000000107       0.11706563027544975     
  0.46000000000000085       0.11648216925382100     
  0.47000000000000064       0.11590502961178355     
  0.48000000000000043       0.11533408904531096     
  0.49000000000000021       0.11476922876311289     
  0.50000000000000178       0.11421033335043762     
  0.51000000000000156       0.11365729063962422     
  0.52000000000000135       0.11310999158679026     
  0.53000000000000114       0.11256833015463405     
  0.54000000000000092       0.11203220320075877     
  0.55000000000000071       0.11150151037122326     
  0.56000000000000050       0.11097615399912872     
  0.57000000000000028       0.11045603900779048     
  0.58000000000000007       0.10994107281839402     
  0.59000000000000163       0.10943116526188064     
  0.60000000000000142       0.10892622849461947     
  0.61000000000000121       0.10842617691786852     
  0.62000000000000099       0.10793092710091093     
  0.63000000000000078       0.10744039770730089     
  0.64000000000000057       0.10695450942440815     
  0.65000000000000036       0.10647318489597578     
  0.66000000000000014       0.10599634865741644     
  0.67000000000000171       0.10552392707392592     
  0.68000000000000149       0.10505584828107895     
  0.69000000000000128       0.10459204212786072     
  0.70000000000000107       0.10413244012210036     
  0.71000000000000085       0.10367697537796089     
  0.72000000000000064       0.10322558256567055     
  0.73000000000000043       0.10277819786308189     
  0.74000000000000021       0.10233475890929736     
  0.75000000000000178       0.10189520475994679     
  0.76000000000000156       0.10145947584429779     
  0.77000000000000135       0.10102751392395100     
  0.78000000000000114       0.10059926205309343     
  0.79000000000000092       0.10017466454025241     
  0.80000000000000071        9.9753666911514369E-002
  0.81000000000000050        9.9336215875049441E-002
  0.82000000000000028        9.8922259286934086E-002
  0.83000000000000007        9.8511746118261842E-002
  0.84000000000000163        9.8104626423408572E-002
  0.85000000000000142        9.7700851309463738E-002
  0.86000000000000121        9.7300372906629032E-002
  0.87000000000000099        9.6903144339876846E-002
  0.88000000000000078        9.6509119701385288E-002
  0.89000000000000057        9.6118254024071204E-002
  0.90000000000000036        9.5730503255940846E-002
  0.91000000000000014        9.5345824235399348E-002
  0.92000000000000171        9.4964174667285906E-002
  0.93000000000000149        9.4585513099890522E-002
  0.94000000000000128        9.4209798902570641E-002
  0.95000000000000107        9.3836992244133652E-002
  0.96000000000000085        9.3467054072098738E-002
  0.97000000000000064        9.3099946092380897E-002
  0.98000000000000043        9.2735630749844700E-002
  0.99000000000000021        9.2374071209387065E-002
   1.0000000000000018        9.2015231337628678E-002
   1.0100000000000016        9.1659075685213767E-002
   1.0200000000000014        9.1305569469702669E-002
   1.0300000000000011        9.0954678558868143E-002
   1.0400000000000009        9.0606369454710095E-002
   1.0500000000000007        9.0260609277764664E-002
   1.0600000000000005        8.9917365752052017E-002
   1.0700000000000003        8.9576607190409704E-002
   1.0800000000000001        8.9238302480275075E-002
   1.0900000000000016        8.8902421069908269E-002
   1.1000000000000014        8.8568932955021079E-002
   1.1100000000000012        8.8237808665830697E-002
   1.1200000000000010        8.7909019254456849E-002
   1.1300000000000008        8.7582536282716089E-002
   1.1400000000000006        8.7258331810265835E-002
   1.1500000000000004        8.6936378383087404E-002
   1.1600000000000001        8.6616649022324285E-002
   1.1700000000000017        8.6299117213388704E-002
   1.1800000000000015        8.5983756895432500E-002
   1.1900000000000013        8.5670542451157128E-002
   1.2000000000000011        8.5359448696725376E-002
   1.2100000000000009        8.5050450872193067E-002
   1.2200000000000006        8.4743524632052883E-002
   1.2300000000000004        8.4438646036095230E-002
   1.2400000000000002        8.4135791540474084E-002
   1.2500000000000018        8.3834937989129207E-002
   1.2600000000000016        8.3536062605285802E-002
   1.2700000000000014        8.3239142983311226E-002
   1.2800000000000011        8.2944157080729011E-002
   1.2900000000000009        8.2651083210476484E-002
   1.3000000000000007        8.2359900033330227E-002
   1.3100000000000005        8.2070586550572644E-002
   1.3200000000000003        8.1783122096828656E-002
   1.3300000000000001        8.1497486333097002E-002
   1.3400000000000016        8.1213659239975255E-002
   1.3500000000000014        8.0931621111027738E-002
   1.3600000000000012        8.0651352546353472E-002
   1.3700000000000010        8.0372834446298239E-002
   1.3800000000000008        8.0096048005370304E-002
   1.3900000000000006        7.9820974706251366E-002
   1.4000000000000004        7.9547596313952529E-002
   1.4100000000000001        7.9275894870251606E-002
   1.4200000000000017        7.9005852688054379E-002
   1.4300000000000015        7.8737452346098497E-002
   1.4400000000000013        7.8470676683623661E-002
   1.4500000000000011        7.8205508795305578E-002
   1.4600000000000009        7.7941932026225236E-002
   1.4700000000000006        7.7679929967027342E-002
   1.4800000000000004        7.7419486449088165E-002
   1.4900000000000002        7.7160585539973237E-002
   1.5000000000000018        7.6903211538827995E-002
   1.5100000000000016        7.6647348971956256E-002
   1.5200000000000014        7.6392982588548722E-002
   1.5300000000000011        7.6140097356428099E-002
   1.5400000000000009        7.5888678457933040E-002
   1.5500000000000007        7.5638711285899982E-002
   1.5600000000000005        7.5390181439748336E-002
   1.5700000000000003        7.5143074721626749E-002
   1.5800000000000001        7.4897377132668558E-002
   1.5900000000000016        7.4653074869323183E-002
   1.6000000000000014        7.4410154319796445E-002
   1.6100000000000012        7.4168602060536923E-002
   1.6200000000000010        7.3928404852823967E-002
   1.6300000000000008        7.3689549639417470E-002
   1.6400000000000006        7.3452023541289560E-002
   1.6500000000000004        7.3215813854468570E-002
   1.6600000000000001        7.2980908046865814E-002
   1.6700000000000017        7.2747293755247494E-002
   1.6800000000000015        7.2514958782264952E-002
   1.6900000000000013        7.2283891093476410E-002
   1.7000000000000011        7.2054078814569336E-002
   1.7100000000000009        7.1825510228509332E-002
   1.7200000000000006        7.1598173772821627E-002
   1.7300000000000004        7.1372058036927311E-002
   1.7400000000000002        7.1147151759500871E-002
   1.7500000000000018        7.0923443825940388E-002
   1.7600000000000016        7.0700923265838045E-002
   1.7700000000000014        7.0479579250528321E-002
   1.7800000000000011        7.0259401090690704E-002
   1.7900000000000009        7.0040378234011338E-002
   1.8000000000000007        6.9822500262842147E-002
   1.8100000000000005        6.9605756891983256E-002
   1.8200000000000003        6.9390137966458140E-002
   1.8300000000000001        6.9175633459362437E-002
   1.8400000000000016        6.8962233469723577E-002
   1.8500000000000014        6.8749928220464482E-002
   1.8600000000000012        6.8538708056322034E-002
   1.8700000000000010        6.8328563441910267E-002
   1.8800000000000008        6.8119484959715759E-002
   1.8900000000000006        6.7911463308235873E-002
   1.9000000000000004        6.7704489300066117E-002
   1.9100000000000001        6.7498553860102090E-002
   1.9200000000000017        6.7293648023703384E-002
   1.9300000000000015        6.7089762934945840E-002
   1.9400000000000013        6.6886889844910397E-002
   1.9500000000000011        6.6685020109958304E-002
   1.9600000000000009        6.6484145190103761E-002
   1.9700000000000006        6.6284256647334408E-002
   1.9800000000000004        6.6085346144094947E-002
   1.9900000000000002        6.5887405441627189E-002
   2.0000000000000018        6.5690426398497065E-002
   2.0100000000000016        6.5494400969070637E-002
   2.0200000000000014        6.5299321202043722E-002
   2.0300000000000011        6.5105179238979863E-002
   2.0400000000000009        6.4911967312893878E-002
   2.0500000000000007        6.4719677746844437E-002
   2.0600000000000005        6.4528302952597413E-002
   2.0700000000000003        6.4337835429271392E-002
   2.0800000000000001        6.4148267761982014E-002
   2.0900000000000016        6.3959592620610059E-002
   2.1000000000000014        6.3771802758477228E-002
   2.1100000000000012        6.3584891011144493E-002
   2.1200000000000010        6.3398850295154713E-002
   2.1300000000000008        6.3213673606863058E-002
   2.1400000000000006        6.3029354021229902E-002
   2.1500000000000004        6.2845884690691217E-002
   2.1600000000000001        6.2663258843985062E-002
   2.1700000000000017        6.2481469785105083E-002
   2.1800000000000015        6.2300510892105435E-002
   2.1900000000000013        6.2120375616115033E-002
   2.2000000000000011        6.1941057480245566E-002
   2.2100000000000009        6.1762550078554655E-002
   2.2200000000000006        6.1584847075020918E-002
   2.2300000000000004        6.1407942202558539E-002
   2.2400000000000002        6.1231829262020761E-002
   2.2500000000000018        6.1056502121258349E-002
   2.2600000000000016        6.0881954714114665E-002
   2.2700000000000014        6.0708181039572019E-002
   2.2800000000000011        6.0535175160764017E-002
   2.2900000000000009        6.0362931204141067E-002
   2.3000000000000007        6.0191443358513043E-002
   2.3100000000000005        6.0020705874240424E-002
   2.3200000000000003        5.9850713062359916E-002
   2.3300000000000001        5.9681459293733065E-002
   2.3400000000000016        5.9512938998220244E-002
   2.3500000000000014        5.9345146663911691E-002
   2.3600000000000012        5.9178076836271222E-002
   2.3700000000000010        5.9011724117387164E-002
   2.3800000000000008        5.8846083165194671E-002
   2.3900000000000006        5.8681148692709718E-002
   2.4000000000000004        5.8516915467300319E-002
   2.4100000000000001        5.8353378309930697E-002
   2.4200000000000017        5.8190532094477283E-002
   2.4300000000000015        5.8028371746955618E-002
   2.4400000000000013        5.7866892244907916E-002
   2.4500000000000011        5.7706088616641366E-002
   2.4600000000000009        5.7545955940603535E-002
   2.4700000000000006        5.7386489344700010E-002
   2.4800000000000004        5.7227684005626119E-002
   2.4900000000000002        5.7069535148265654E-002
   2.5000000000000018        5.6912038045021845E-002
   2.5100000000000016        5.6755188015210560E-002
   2.5200000000000014        5.6598980424454652E-002
   2.5300000000000011        5.6443410684064436E-002
   2.5400000000000009        5.6288474250479455E-002
   2.5500000000000007        5.6134166624636606E-002
   2.5600000000000005        5.5980483351443774E-002
   2.5700000000000003        5.5827420019185607E-002
   2.5800000000000001        5.5674972258976781E-002
   2.5900000000000016        5.5523135744241864E-002
   2.6000000000000014        5.5371906190118857E-002
   2.6100000000000012        5.5221279352988380E-002
   2.6200000000000010        5.5071251029903394E-002
   2.6300000000000008        5.4921817058128292E-002
   2.6400000000000006        5.4772973314592674E-002
   2.6500000000000004        5.4624715715402651E-002
   2.6600000000000001        5.4477040215361504E-002
   2.6700000000000017        5.4329942807474177E-002
   2.6800000000000015        5.4183419522490034E-002
   2.6900000000000013        5.4037466428418911E-002
   2.7000000000000011        5.3892079630077395E-002
   2.7100000000000009        5.3747255268626712E-002
   2.7200000000000006        5.3602989521139073E-002
   2.7300000000000004        5.3459278600157728E-002
   2.7400000000000002        5.3316118753256071E-002
   2.7500000000000018        5.3173506262605995E-002
   2.7600000000000016        5.3031437444564809E-002
   2.7700000000000014        5.2889908649263462E-002
   2.7800000000000011        5.2748916260197919E-002
   2.7900000000000009        5.2608456693825051E-002
   2.8000000000000007        5.2468526399156341E-002
   2.8100000000000005        5.2329121857395182E-002
   2.8200000000000003        5.2190239581512671E-002
   2.8300000000000018        5.2051876115902514E-002
   2.8400000000000016        5.1914028035999184E-002
   2.8500000000000014        5.1776691947900036E-002
   2.8600000000000012        5.1639864488012124E-002
   2.8700000000000010        5.1503542322689493E-002
   2.8800000000000008        5.1367722147888734E-002
   2.8900000000000006        5.1232400688817452E-002
   2.9000000000000004        5.1097574699571977E-002
   2.9100000000000001        5.0963240962853852E-002
   2.9200000000000017        5.0829396289567987E-002
   2.9300000000000015        5.0696037518551340E-002
   2.9400000000000013        5.0563161516223983E-002
   2.9500000000000011        5.0430765176275372E-002
   2.9600000000000009        5.0298845419346219E-002
   2.9700000000000006        5.0167399192721861E-002
   2.9800000000000004        5.0036423470040378E-002
   2.9900000000000002        4.9905915250958680E-002
   3.0000000000000018        4.9775871560888446E-002
   3.0100000000000016        4.9646289450695651E-002
   3.0200000000000014        4.9517165996395607E-002
   3.0300000000000011        4.9388498298891345E-002
   3.0400000000000009        4.9260283483679349E-002
   3.0500000000000007        4.9132518700559513E-002
   3.0600000000000005        4.9005201123399462E-002
   3.0700000000000003        4.8878327949834550E-002
   3.0800000000000018        4.8751896401006113E-002
   3.0900000000000016        4.8625903721312765E-002
   3.1000000000000014        4.8500347178143041E-002
   3.1100000000000012        4.8375224061615048E-002
   3.1200000000000010        4.8250531684332111E-002
   3.1300000000000008        4.8126267381137608E-002
   3.1400000000000006        4.8002428508871424E-002
   3.1500000000000004        4.7879012446101855E-002
   3.1600000000000001        4.7756016592928885E-002
   3.1700000000000017        4.7633438370724319E-002
   3.1800000000000015        4.7511275221900087E-002
   3.1900000000000013        4.7389524609688247E-002
   3.2000000000000011        4.7268184017899569E-002
   3.2100000000000009        4.7147250950719234E-002
   3.2200000000000006        4.7026722932484645E-002
   3.2300000000000004        4.6906597507444470E-002
   3.2400000000000002        4.6786872239579828E-002
   3.2500000000000018        4.6667544712363576E-002
   3.2600000000000016        4.6548612528571454E-002
   3.2700000000000014        4.6430073310059515E-002
   3.2800000000000011        4.6311924697574031E-002
   3.2900000000000009        4.6194164350541557E-002
   3.3000000000000007        4.6076789946879963E-002
   3.3100000000000005        4.5959799182795469E-002
   3.3200000000000003        4.5843189772584420E-002
   3.3300000000000018        4.5726959448461439E-002
   3.3400000000000016        4.5611105960343117E-002
   3.3500000000000014        4.5495627075693990E-002
   3.3600000000000012        4.5380520579330202E-002
   3.3700000000000010        4.5265784273206641E-002
   3.3800000000000008        4.5151415976296926E-002
   3.3900000000000006        4.5037413524379406E-002
   3.4000000000000004        4.4923774769857663E-002
   3.4100000000000001        4.4810497581612194E-002
   3.4200000000000017        4.4697579844818751E-002
   3.4300000000000015        4.4585019460764354E-002
   3.4400000000000013        4.4472814346715267E-002
   3.4500000000000011        4.4360962435730379E-002
   3.4600000000000009        4.4249461676488598E-002
   3.4700000000000006        4.4138310033167184E-002
   3.4800000000000004        4.4027505485239482E-002
   3.4900000000000002        4.3917046027357166E-002
   3.5000000000000018        4.3806929669163747E-002
   3.5100000000000016        4.3697154435159924E-002
   3.5200000000000014        4.3587718364567804E-002
   3.5300000000000011        4.3478619511144449E-002
   3.5400000000000009        4.3369855943061905E-002
   3.5500000000000007        4.3261425742757702E-002
   3.5600000000000005        4.3153327006791267E-002
   3.5700000000000003        4.3045557845697975E-002
   3.5800000000000018        4.2938116383850429E-002
   3.5900000000000016        4.2831000759329732E-002
   3.6000000000000014        4.2724209123779569E-002
   3.6100000000000012        4.2617739642256028E-002
   3.6200000000000010        4.2511590493141412E-002
   3.6300000000000008        4.2405759867955681E-002
   3.6400000000000006        4.2300245971260565E-002
   3.6500000000000004        4.2195047020528030E-002
   3.6600000000000001        4.2090161246015383E-002
   3.6700000000000017        4.1985586890602937E-002
   3.6800000000000015        4.1881322209730946E-002
   3.6900000000000013        4.1777365471231287E-002
   3.7000000000000011        4.1673714955210821E-002
   3.7100000000000009        4.1570368953956147E-002
   3.7200000000000006        4.1467325771795183E-002
   3.7300000000000004        4.1364583724974709E-002
   3.7400000000000002        4.1262141141561008E-002
   3.7500000000000018        4.1159996361319458E-002
   3.7600000000000016        4.1058147735589114E-002
   3.7700000000000014        4.0956593627191992E-002
   3.7800000000000011        4.0855332410311362E-002
   3.7900000000000009        4.0754362470372167E-002
   3.8000000000000007        4.0653682203956362E-002
   3.8100000000000005        4.0553290018668108E-002
   3.8200000000000003        4.0453184333053144E-002
   3.8300000000000018        4.0353363576480755E-002
   3.8400000000000016        4.0253826189037827E-002
   3.8500000000000014        4.0154570621438235E-002
   3.8600000000000012        4.0055595334913568E-002
   3.8700000000000010        3.9956898801111494E-002
   3.8800000000000008        3.9858479502000874E-002
   3.8900000000000006        3.9760335929772558E-002
   3.9000000000000004        3.9662466586742454E-002
   3.9100000000000001        3.9564869985259259E-002
   3.9200000000000017        3.9467544647600591E-002
   3.9300000000000015        3.9370489105889687E-002
   3.9400000000000013        3.9273701901997200E-002
   3.9500000000000011        3.9177181587450219E-002
   3.9600000000000009        3.9080926723344581E-002
   3.9700000000000006        3.8984935880246194E-002
   3.9800000000000004        3.8889207638111788E-002
   3.9900000000000002        3.8793740586203405E-002
   4.0000000000000018        3.8698533322984188E-002
   4.0100000000000016        3.8603584456057743E-002
   4.0200000000000014        3.8508892602063874E-002
   4.0300000000000011        3.8414456386597046E-002
   4.0400000000000009        3.8320274444128645E-002
   4.0500000000000007        3.8226345417925953E-002
   4.0600000000000005        3.8132667959960391E-002
   4.0700000000000003        3.8039240730841140E-002
   4.0800000000000018        3.7946062399725498E-002
   4.0900000000000016        3.7853131644236551E-002
   4.1000000000000014        3.7760447150400611E-002
   4.1100000000000012        3.7668007612547329E-002
   4.1200000000000010        3.7575811733258302E-002
   4.1300000000000008        3.7483858223270175E-002
   4.1400000000000006        3.7392145801412500E-002
   4.1500000000000004        3.7300673194529323E-002
   4.1600000000000001        3.7209439137404432E-002
   4.1700000000000017        3.7118442372689159E-002
   4.1800000000000015        3.7027681650828759E-002
   4.1900000000000013        3.6937155729998297E-002
   4.2000000000000011        3.6846863376029812E-002
   4.2100000000000009        3.6756803362331308E-002
   4.2200000000000006        3.6666974469830277E-002
   4.2300000000000004        3.6577375486901750E-002
   4.2400000000000002        3.6488005209299075E-002
   4.2500000000000018        3.6398862440089441E-002
   4.2600000000000016        3.6309945989588428E-002
   4.2700000000000014        3.6221254675281131E-002
   4.2800000000000011        3.6132787321773864E-002
   4.2900000000000009        3.6044542760731865E-002
   4.3000000000000007        3.5956519830788090E-002
   4.3100000000000005        3.5868717377512883E-002
   4.3200000000000003        3.5781134253332167E-002
   4.3300000000000018        3.5693769317471438E-002
   4.3400000000000016        3.5606621435896553E-002
   4.3500000000000014        3.5519689481240110E-002
   4.3600000000000012        3.5432972332754040E-002
   4.3700000000000010        3.5346468876251647E-002
   4.3800000000000008        3.5260178004041992E-002
   4.3900000000000006        3.5174098614865812E-002
   4.4000000000000004        3.5088229613853633E-002
   4.4100000000000001        3.5002569912447566E-002
   4.4200000000000017        3.4917118428366221E-002
   4.4300000000000015        3.4831874085534953E-002
   4.4400000000000013        3.4746835814028078E-002
   4.4500000000000011        3.4662002550020971E-002
   4.4600000000000009        3.4577373235735252E-002
   4.4700000000000006        3.4492946819373357E-002
   4.4800000000000004        3.4408722255082097E-002
   4.4900000000000002        3.4324698502886351E-002
   4.5000000000000018        3.4240874528636257E-002
   4.5100000000000016        3.4157249303962987E-002
   4.5200000000000014        3.4073821806221052E-002
   4.5300000000000011        3.3990591018434713E-002
   4.5400000000000009        3.3907555929254853E-002
   4.5500000000000007        3.3824715532898279E-002
   4.5600000000000005        3.3742068829104528E-002
   4.5700000000000003        3.3659614823087665E-002
   4.5800000000000018        3.3577352525484765E-002
   4.5900000000000016        3.3495280952294940E-002
   4.6000000000000014        3.3413399124860986E-002
   4.6100000000000012        3.3331706069780122E-002
   4.6200000000000010        3.3250200818896354E-002
   4.6300000000000008        3.3168882409228218E-002
   4.6400000000000006        3.3087749882932664E-002
   4.6500000000000004        3.3006802287254319E-002
   4.6600000000000001        3.2926038674475321E-002
   4.6700000000000017        3.2845458101884106E-002
   4.6800000000000015        3.2765059631715075E-002
   4.6900000000000013        3.2684842331113753E-002
   4.7000000000000011        3.2604805272085202E-002
   4.7100000000000009        3.2524947531452034E-002
   4.7200000000000006        3.2445268190818256E-002
   4.7300000000000004        3.2365766336511705E-002
   4.7400000000000002        3.2286441059552702E-002
   4.7500000000000018        3.2207291455602333E-002
   4.7600000000000016        3.2128316624934240E-002
   4.7700000000000014        3.2049515672378244E-002
   4.7800000000000011        3.1970887707277282E-002
   4.7900000000000009        3.1892431843464492E-002
   4.8000000000000007        3.1814147199201559E-002
   4.8100000000000005        3.1736032897148124E-002
   4.8200000000000003        3.1658088064326899E-002
   4.8300000000000018        3.1580311832063432E-002
   4.8400000000000016        3.1502703335967851E-002
   4.8500000000000014        3.1425261715889573E-002
   4.8600000000000012        3.1347986115866054E-002
   4.8700000000000010        3.1270875684103631E-002
   4.8800000000000008        3.1193929572918423E-002
   4.8900000000000006        3.1117146938713494E-002
   4.9000000000000004        3.1040526941936420E-002
   4.9100000000000001        3.0964068747038605E-002
   4.9200000000000017        3.0887771522435117E-002
   4.9300000000000015        3.0811634440483782E-002
   4.9400000000000013        3.0735656677422691E-002
   4.9500000000000011        3.0659837413356348E-002
   4.9600000000000009        3.0584175832205029E-002
   4.9700000000000006        3.0508671121676191E-002
   4.9800000000000004        3.0433322473226693E-002
   4.9900000000000002        3.0358129082020981E-002
   5.0000000000000018        3.0283090146906409E-002
   5.0100000000000016        3.0208204870370459E-002
   5.0200000000000014        3.0133472458505655E-002
   5.0300000000000011        3.0058892120978387E-002
   5.0400000000000009        2.9984463070994703E-002
   5.0500000000000007        2.9910184525261646E-002
   5.0600000000000005        2.9836055703954686E-002
   5.0700000000000003        2.9762075830688909E-002
   5.0800000000000018        2.9688244132474017E-002
   5.0900000000000016        2.9614559839696436E-002
   5.1000000000000014        2.9541022186069243E-002
   5.1100000000000012        2.9467630408613735E-002
   5.1200000000000010        2.9394383747617995E-002
   5.1300000000000008        2.9321281446604824E-002
   5.1400000000000006        2.9248322752299175E-002
   5.1500000000000004        2.9175506914608733E-002
   5.1600000000000001        2.9102833186563985E-002
   5.1700000000000017        2.9030300824314209E-002
   5.1800000000000015        2.8957909087082168E-002
   5.1900000000000013        2.8885657237132795E-002
   5.2000000000000011        2.8813544539743753E-002
   5.2100000000000009        2.8741570263176981E-002
   5.2200000000000006        2.8669733678641767E-002
   5.2300000000000004        2.8598034060268635E-002
   5.2400000000000002        2.8526470685074381E-002
   5.2500000000000018        2.8455042832937608E-002
   5.2600000000000016        2.8383749786560837E-002
   5.2700000000000014        2.8312590831445758E-002
   5.2800000000000011        2.8241565255865238E-002
   5.2900000000000009        2.8170672350816446E-002
   5.3000000000000007        2.8099911410020245E-002
   5.3100000000000005        2.8029281729861119E-002
   5.3200000000000003        2.7958782609382990E-002
   5.3300000000000018        2.7888413350238051E-002
   5.3400000000000016        2.7818173256672733E-002
   5.3500000000000014        2.7748061635493860E-002
   5.3600000000000012        2.7678077796036669E-002
   5.3700000000000010        2.7608221050139600E-002
   5.3800000000000008        2.7538490712113388E-002
   5.3900000000000006        2.7468886098710499E-002
   5.4000000000000004        2.7399406529104237E-002
   5.4100000000000001        2.7330051324849686E-002
   5.4200000000000017        2.7260819809859844E-002
   5.4300000000000015        2.7191711310384829E-002
   5.4400000000000013        2.7122725154968160E-002
   5.4500000000000011        2.7053860674429487E-002
   5.4600000000000009        2.6985117201836752E-002
   5.4700000000000006        2.6916494072472395E-002
   5.4800000000000004        2.6847990623807955E-002
   5.4900000000000002        2.6779606195480928E-002
   5.5000000000000018        2.6711340129256331E-002
   5.5100000000000016        2.6643191769011559E-002
   5.5200000000000014        2.6575160460699077E-002
   5.5300000000000011        2.6507245552324480E-002
   5.5400000000000009        2.6439446393910788E-002
   5.5500000000000007        2.6371762337488287E-002
   5.5600000000000005        2.6304192737050685E-002
   5.5700000000000003        2.6236736948526098E-002
   5.5800000000000018        2.6169394329770099E-002
   5.5900000000000016        2.6102164240514630E-002
   5.6000000000000014        2.6035046042357991E-002
   5.6100000000000012        2.5968039098726248E-002
   5.6200000000000010        2.5901142774855276E-002
   5.6300000000000008        2.5834356437758017E-002
   5.6400000000000006        2.5767679456199375E-002
   5.6500000000000004        2.5701111200669258E-002
   5.6600000000000001        2.5634651043352205E-002
   5.6700000000000017        2.5568298358105840E-002
   5.6800000000000015        2.5502052520436302E-002
   5.6900000000000013        2.5435912907457857E-002
   5.7000000000000011        2.5369878897877684E-002
   5.7100000000000009        2.5303949871971657E-002
   5.7200000000000006        2.5238125211544175E-002
   5.7300000000000004        2.5172404299913721E-002
   5.7400000000000002        2.5106786521881169E-002
   5.7500000000000018        2.5041271263699257E-002
   5.7600000000000016        2.4975857913054837E-002
   5.7700000000000014        2.4910545859032553E-002
   5.7800000000000011        2.4845334492093064E-002
   5.7900000000000009        2.4780223204046301E-002
   5.8000000000000007        2.4715211388022254E-002
   5.8100000000000005        2.4650298438443952E-002
   5.8200000000000003        2.4585483751003775E-002
   5.8300000000000018        2.4520766722632210E-002
   5.8400000000000016        2.4456146751472518E-002
   5.8500000000000014        2.4391623236857299E-002
   5.8600000000000012        2.4327195579271741E-002
   5.8700000000000010        2.4262863180337806E-002
   5.8800000000000008        2.4198625442779269E-002
   5.8900000000000006        2.4134481770396257E-002
   5.9000000000000004        2.4070431568041215E-002
   5.9100000000000001        2.4006474241583222E-002
   5.9200000000000017        2.3942609197890156E-002
   5.9300000000000015        2.3878835844798454E-002
   5.9400000000000013        2.3815153591075864E-002
   5.9500000000000011        2.3751561846410994E-002
   5.9600000000000009        2.3688060021367321E-002
   5.9700000000000006        2.3624647527371253E-002
   5.9800000000000004        2.3561323776674650E-002
   5.9900000000000002        2.3498088182322505E-002
   6.0000000000000018        2.3434940158143954E-002
   6.0100000000000016        2.3371879118697616E-002
   6.0200000000000014        2.3308904479264068E-002
   6.0300000000000011        2.3246015655810161E-002
   6.0400000000000009        2.3183212064955893E-002
   6.0500000000000007        2.3120493123951900E-002
   6.0600000000000005        2.3057858250648319E-002
   6.0700000000000003        2.2995306863466774E-002
   6.0800000000000018        2.2932838381365929E-002
   6.0900000000000016        2.2870452223820933E-002
   6.1000000000000014        2.2808147810785905E-002
   6.1100000000000012        2.2745924562668170E-002
   6.1200000000000010        2.2683781900298138E-002
   6.1300000000000008        2.2621719244898603E-002
   6.1400000000000006        2.2559736018053625E-002
   6.1500000000000004        2.2497831641681159E-002
   6.1600000000000001        2.2436005538000618E-002
   6.1700000000000017        2.2374257129500422E-002
   6.1800000000000015        2.2312585838907564E-002
   6.1900000000000013        2.2250991089162429E-002
   6.2000000000000011        2.2189472303376239E-002
   6.2100000000000009        2.2128028904810308E-002
   6.2200000000000006        2.2066660316840053E-002
   6.2300000000000004        2.2005365962916214E-002
   6.2400000000000002        2.1944145266546453E-002
   6.2500000000000018        2.1882997651251377E-002
   6.2600000000000016        2.1821922540536262E-002
   6.2700000000000014        2.1760919357857976E-002
   6.2800000000000011        2.1699987526590362E-002
   6.2900000000000009        2.1639126469989702E-002
   6.3000000000000007        2.1578335611165927E-002
   6.3100000000000005        2.1517614373044044E-002
   6.3200000000000003        2.1456962178327703E-002
   6.3300000000000018        2.1396378449471124E-002
   6.3400000000000016        2.1335862608639650E-002
   6.3500000000000014        2.1275414077671355E-002
   6.3600000000000012        2.1215032278050616E-002
   6.3700000000000010        2.1154716630864559E-002
   6.3800000000000008        2.1094466556762680E-002
   6.3900000000000006        2.1034281475935078E-002
   6.4000000000000004        2.0974160808061554E-002
   6.4100000000000019        2.0914103972280228E-002
   6.4200000000000017        2.0854110387143913E-002
   6.4300000000000015        2.0794179470594355E-002
   6.4400000000000013        2.0734310639907112E-002
   6.4500000000000011        2.0674503311666204E-002
   6.4600000000000009        2.0614756901718091E-002
   6.4700000000000006        2.0555070825128297E-002
   6.4800000000000004        2.0495444496151139E-002
   6.4900000000000002        2.0435877328182108E-002
   6.5000000000000018        2.0376368733716541E-002
   6.5100000000000016        2.0316918124309542E-002
   6.5200000000000014        2.0257524910532593E-002
   6.5300000000000011        2.0198188501930479E-002
   6.5400000000000009        2.0138908306982683E-002
   6.5500000000000007        2.0079683733051839E-002
   6.5600000000000005        2.0020514186345671E-002
   6.5700000000000003        1.9961399071866791E-002
   6.5800000000000018        1.9902337793374174E-002
   6.5900000000000016        1.9843329753328705E-002
   6.6000000000000014        1.9784374352854656E-002
   6.6100000000000012        1.9725470991684788E-002
   6.6200000000000010        1.9666619068121050E-002
   6.6300000000000008        1.9607817978975015E-002
   6.6400000000000006        1.9549067119530594E-002
   6.6500000000000004        1.9490365883485270E-002
   6.6600000000000019        1.9431713662901515E-002
   6.6700000000000017        1.9373109848163157E-002
   6.6800000000000015        1.9314553827906960E-002
   6.6900000000000013        1.9256044988987170E-002
   6.7000000000000011        1.9197582716413884E-002
   6.7100000000000009        1.9139166393295489E-002
   6.7200000000000006        1.9080795400792282E-002
   6.7300000000000004        1.9022469118053258E-002
   6.7400000000000002        1.8964186922162025E-002
   6.7500000000000018        1.8905948188080637E-002
   6.7600000000000016        1.8847752288586737E-002
   6.7700000000000014        1.8789598594220355E-002
   6.7800000000000011        1.8731486473221492E-002
   6.7900000000000009        1.8673415291459956E-002
   6.8000000000000007        1.8615384412391592E-002
   6.8100000000000023        1.8557393196974067E-002
   6.8200000000000003        1.8499441003620273E-002
   6.8300000000000018        1.8441527188122822E-002
   6.8399999999999999        1.8383651103589981E-002
   6.8500000000000014        1.8325812100379903E-002
   6.8599999999999994        1.8268009526031498E-002
   6.8700000000000010        1.8210242725191873E-002
   6.8800000000000026        1.8152511039548468E-002
   6.8900000000000006        1.8094813807757803E-002
   6.9000000000000021        1.8037150365366631E-002
   6.9100000000000001        1.7979520044744287E-002
   6.9200000000000017        1.7921922175003623E-002
   6.9299999999999997        1.7864356081918824E-002
   6.9400000000000013        1.7806821087857781E-002
   6.9499999999999993        1.7749316511690889E-002
   6.9600000000000009        1.7691841668715118E-002
   6.9700000000000024        1.7634395870570078E-002
   6.9800000000000004        1.7576978425155737E-002
   6.9900000000000020        1.7519588636537756E-002
   7.0000000000000000        1.7462225804872757E-002
   7.0100000000000016        1.7404889226307462E-002
   7.0199999999999996        1.7347578192894109E-002
   7.0300000000000011        1.7290291992494326E-002
   7.0400000000000027        1.7233029908685912E-002
   7.0500000000000007        1.7175791220667019E-002
   7.0600000000000023        1.7118575203157699E-002
   7.0700000000000003        1.7061381126297254E-002
   7.0800000000000018        1.7004208255543347E-002
   7.0899999999999999        1.6947055851569935E-002
   7.1000000000000014        1.6889923170157875E-002
   7.1099999999999994        1.6832809462087320E-002
   7.1200000000000010        1.6775713973027656E-002
   7.1300000000000026        1.6718635943424806E-002
   7.1400000000000006        1.6661574608382104E-002
   7.1500000000000021        1.6604529197547718E-002
   7.1600000000000001        1.6547498934992085E-002
   7.1700000000000017        1.6490483039084802E-002
   7.1799999999999997        1.6433480722369626E-002
   7.1900000000000013        1.6376491191438164E-002
   7.1999999999999993        1.6319513646794837E-002
   7.2100000000000009        1.6262547282727666E-002
   7.2200000000000024        1.6205591287168433E-002
   7.2300000000000004        1.6148644841556290E-002
   7.2400000000000020        1.6091707120694191E-002
   7.2500000000000000        1.6034777292599469E-002
   7.2600000000000016        1.5977854518362103E-002
   7.2699999999999996        1.5920937951984016E-002
   7.2800000000000011        1.5864026740229877E-002
   7.2900000000000027        1.5807120022463990E-002
   7.3000000000000007        1.5750216930487861E-002
   7.3100000000000023        1.5693316588375653E-002
   7.3200000000000003        1.5636418112299995E-002
   7.3300000000000018        1.5579520610360657E-002
   7.3399999999999999        1.5522623182400649E-002
   7.3500000000000014        1.5465724919828635E-002
   7.3599999999999994        1.5408824905429495E-002
   7.3700000000000010        1.5351922213171929E-002
   7.3800000000000026        1.5295015908011323E-002
   7.3900000000000006        1.5238105045688058E-002
   7.4000000000000021        1.5181188672524132E-002
   7.4100000000000001        1.5124265825207130E-002
   7.4200000000000017        1.5067335530578095E-002
   7.4299999999999997        1.5010396805405318E-002
   7.4400000000000013        1.4953448656158849E-002
   7.4499999999999993        1.4896490078777707E-002
   7.4600000000000009        1.4839520058426505E-002
   7.4700000000000024        1.4782537569255778E-002
   7.4800000000000004        1.4725541574143106E-002
   7.4900000000000020        1.4668531024440217E-002
   7.5000000000000000        1.4611504859705511E-002
   7.5100000000000016        1.4554462007429285E-002
   7.5199999999999996        1.4497401382759276E-002
   7.5300000000000011        1.4440321888208188E-002
   7.5400000000000027        1.4383222413363867E-002
   7.5500000000000007        1.4326101834581847E-002
   7.5600000000000023        1.4268959014677984E-002
   7.5700000000000003        1.4211792802605535E-002
   7.5800000000000018        1.4154602033129631E-002
   7.5899999999999999        1.4097385526488487E-002
   7.6000000000000014        1.4040142088046098E-002
   7.6099999999999994        1.3982870507935476E-002
   7.6200000000000010        1.3925569560691534E-002
   7.6300000000000026        1.3868238004873053E-002
   7.6400000000000006        1.3810874582676628E-002
   7.6500000000000021        1.3753478019533890E-002
   7.6600000000000001        1.3696047023701002E-002
   7.6700000000000017        1.3638580285838050E-002
   7.6799999999999997        1.3581076478567482E-002
   7.6900000000000013        1.3523534256031068E-002
   7.6999999999999993        1.3465952253422217E-002
   7.7100000000000009        1.3408329086513437E-002
   7.7200000000000024        1.3350663351162381E-002
   7.7300000000000004        1.3292953622807387E-002
   7.7400000000000020        1.3235198455944189E-002
   7.7500000000000000        1.3177396383589226E-002
   7.7600000000000016        1.3119545916725664E-002
   7.7699999999999996        1.3061645543726626E-002
   7.7800000000000011        1.3003693729769606E-002
   7.7900000000000027        1.2945688916222844E-002
   7.8000000000000007        1.2887629520017726E-002
   7.8100000000000023        1.2829513932998637E-002
   7.8200000000000003        1.2771340521252587E-002
   7.8300000000000018        1.2713107624412738E-002
   7.8399999999999999        1.2654813554946772E-002
   7.8500000000000014        1.2596456597410126E-002
   7.8599999999999994        1.2538035007685522E-002
   7.8700000000000010        1.2479547012189894E-002
   7.8800000000000026        1.2420990807052499E-002
   7.8900000000000006        1.2362364557271785E-002
   7.9000000000000021        1.2303666395835623E-002
   7.9100000000000001        1.2244894422814021E-002
   7.9200000000000017        1.2186046704419903E-002
   7.9299999999999997        1.2127121272034639E-002
   7.9400000000000013        1.2068116121199207E-002
   7.9500000000000028        1.2009029210568725E-002
   7.9600000000000009        1.1949858460831053E-002
   7.9700000000000024        1.1890601753577546E-002
   7.9800000000000004        1.1831256930142892E-002
   7.9900000000000020        1.1771821790391495E-002
   8.0000000000000000        1.1712294091465699E-002
   8.0100000000000016        1.1652671546478931E-002
   8.0199999999999996        1.1592951823161619E-002
   8.0300000000000011        1.1533132542459327E-002
   8.0400000000000027        1.1473211277067045E-002
   8.0500000000000007        1.1413185549909175E-002
   8.0600000000000023        1.1353052832560754E-002
   8.0700000000000003        1.1292810543605461E-002
   8.0800000000000018        1.1232456046918478E-002
   8.0899999999999999        1.1171986649891894E-002
   8.1000000000000014        1.1111399601575027E-002
   8.1099999999999994        1.1050692090742322E-002
   8.1200000000000010        1.0989861243880523E-002
   8.1300000000000026        1.0928904123086548E-002
   8.1400000000000006        1.0867817723877184E-002
   8.1500000000000021        1.0806598972902237E-002
   8.1600000000000001        1.0745244725557835E-002
   8.1700000000000017        1.0683751763495297E-002
   8.1799999999999997        1.0622116792014967E-002
   8.1900000000000013        1.0560336437344187E-002
   8.2000000000000028        1.0498407243792191E-002
   8.2100000000000009        1.0436325670770625E-002
   8.2200000000000024        1.0374088089675491E-002
   8.2300000000000004        1.0311690780625609E-002
   8.2400000000000020        1.0249129929038784E-002
   8.2500000000000000        1.0186401622050633E-002
   8.2600000000000016        1.0123501844750882E-002
   8.2699999999999996        1.0060426476242244E-002
   8.2800000000000011        9.9971712854949567E-003
   8.2900000000000027        9.9337319270014109E-003
   8.3000000000000007        9.8701039361992968E-003
   8.3100000000000023        9.8062827246652613E-003
   8.3200000000000003        9.7422635750574887E-003
   8.3300000000000018        9.6780416357883717E-003
   8.3399999999999999        9.6136119154144242E-003
   8.3500000000000014        9.5489692767218564E-003
   8.3599999999999994        9.4841084304902248E-003
   8.3700000000000010        9.4190239289074808E-003
   8.3800000000000026        9.3537101586169819E-003
   8.3900000000000006        9.2881613333675919E-003
   8.4000000000000021        9.2223714862455751E-003
   8.4100000000000001        9.1563344614435035E-003
   8.4200000000000017        9.0900439055518235E-003
   8.4299999999999997        9.0234932583214116E-003
   8.4400000000000013        8.9566757428688228E-003
   8.4500000000000028        8.8895843552757366E-003
   8.4600000000000009        8.8222118535384395E-003
   8.4700000000000024        8.7545507458162333E-003
   8.4800000000000004        8.6865932779244450E-003
   8.4900000000000020        8.6183314200103216E-003
   8.5000000000000000        8.5497568523447368E-003
   8.5100000000000016        8.4808609501570431E-003
   8.5199999999999996        8.4116347674356180E-003
   8.5300000000000011        8.3420690195994511E-003
   8.5400000000000027        8.2721540649487307E-003
   8.5500000000000007        8.2018798847842810E-003
   8.5600000000000023        8.1312360620744133E-003
   8.5700000000000003        8.0602117585416889E-003
   8.5800000000000018        7.9887956900160668E-003
   8.5899999999999999        7.9169760998966526E-003
   8.6000000000000014        7.8447407305362489E-003
   8.6099999999999994        7.7720767923428061E-003
   8.6200000000000010        7.6989709303732830E-003
   8.6300000000000026        7.6254091881657301E-003
   8.6400000000000006        7.5513769685123669E-003
   8.6500000000000021        7.4768589908570902E-003
   8.6600000000000001        7.4018392449505836E-003
   8.6700000000000017        7.3263009403399717E-003
   8.6799999999999997        7.2502264512318377E-003
   8.6900000000000013        7.1735972561812345E-003
   8.7000000000000028        7.0963938720001746E-003
   8.7100000000000009        7.0185957811770743E-003
   8.7200000000000024        6.9401813519998782E-003
   8.7300000000000004        6.8611277504509755E-003
   8.7400000000000020        6.7814108427905603E-003
   8.7500000000000000        6.7010050875739025E-003
   8.7600000000000016        6.6198834156338182E-003
   8.7699999999999996        6.5380170963084813E-003
   8.7800000000000011        6.4553755878907484E-003
   8.7900000000000027        6.3719263698906728E-003
   8.8000000000000007        6.2876347542576410E-003
   8.8100000000000023        6.2024636721316109E-003
   8.8200000000000003        6.1163734319848876E-003
   8.8300000000000018        6.0293214441280059E-003
   8.8399999999999999        5.9412619054069020E-003
   8.8500000000000014        5.8521454364597394E-003
   8.8599999999999994        5.7619186619645990E-003
   8.8700000000000010        5.6705237217544611E-003
   8.8800000000000026        5.5778976971979184E-003
   8.8900000000000006        5.4839719324530634E-003
   8.9000000000000021        5.3886712235140600E-003
   8.9100000000000001        5.2919128385389641E-003
   8.9200000000000017        5.1936053196605884E-003
   8.9299999999999997        5.0936469980343551E-003
   8.9400000000000013        4.9919241289549093E-003
   8.9500000000000028        4.8883085220143710E-003
   8.9600000000000009        4.7826545039942811E-003
   8.9700000000000024        4.6747950154504073E-003
   8.9800000000000004        4.5645366192249058E-003
   8.9900000000000020        4.4516532151799787E-003
   9.0000000000000000        4.3358783493438616E-003
   9.0100000000000016        4.2168962304524119E-003
   9.0199999999999996        4.0943319828461002E-003
   9.0300000000000011        3.9677423219047240E-003
   9.0400000000000027        3.8366087470495238E-003
   9.0500000000000007        3.7003364386661679E-003
   9.0600000000000023        3.5582631310004027E-003
   9.0700000000000003        3.4096829844868165E-003
   9.0800000000000018        3.2538904496862949E-003
   9.0899999999999999        3.0902478168615423E-003
   9.1000000000000014        2.9182772131493024E-003
   9.1099999999999994        2.7377731917160439E-003
   9.1200000000000010        2.5489262033230645E-003
   9.1300000000000026        2.3524411880247926E-003
   9.1400000000000006        2.1496308063716162E-003
   9.1500000000000021        1.9424611591224120E-003
   9.1600000000000001        1.7335306175469041E-003
   9.1700000000000017        1.5259701291392993E-003
   9.1799999999999997        1.3232653262814952E-003
   9.1900000000000013        1.1290148548534842E-003
   9.2000000000000028        9.4665249560452246E-004
