 ttp,ttx,del,nx 
   1.0000000000000000        0.0000000000000000        1.0000000000000000E-002         500
  -8.0000000000000000        1.2452480711280993E-003
  -7.9900000000000002        1.4852040922840334E-003
  -7.9800000000000004        1.7408304208823984E-003
  -7.9699999999999998        2.0076156803292776E-003
  -7.9600000000000000        2.2808309938740176E-003
  -7.9500000000000002        2.5558952570243448E-003
  -7.9400000000000004        2.8286928728084590E-003
  -7.9299999999999997        3.0958076933486614E-003
  -7.9199999999999999        3.3546542002137070E-003
  -7.9100000000000001        3.6035054753848455E-003
  -7.9000000000000004        3.8414332413399350E-003
  -7.8899999999999997        4.0681854303253155E-003
  -7.8799999999999999        4.2840303928674845E-003
  -7.8700000000000001        4.4895946646012442E-003
  -7.8600000000000003        4.6857150121445224E-003
  -7.8499999999999996        4.8733175250936138E-003
  -7.8399999999999999        5.0533288275116982E-003
  -7.8300000000000001        5.2266184126534918E-003
  -7.8200000000000003        5.3939672498574285E-003
  -7.8099999999999996        5.5560561051022717E-003
  -7.7999999999999998        5.7134669744807517E-003
  -7.7900000000000000        5.8666920165575918E-003
  -7.7800000000000002        6.0161457959390990E-003
  -7.7699999999999996        6.1621780843869375E-003
  -7.7599999999999998        6.3050856601493130E-003
  -7.7500000000000000        6.4451224099458500E-003
  -7.7400000000000002        6.5825075847877716E-003
  -7.7300000000000004        6.7174323563072777E-003
  -7.7199999999999998        6.8500649437494470E-003
  -7.7100000000000000        6.9805546029231480E-003
  -7.7000000000000002        7.1090347385986269E-003
  -7.6900000000000004        7.2356253535719884E-003
  -7.6799999999999997        7.3604349986657013E-003
  -7.6699999999999999        7.4835623460533145E-003
  -7.6600000000000001        7.6050974755763499E-003
  -7.6500000000000004        7.7251229394630526E-003
  -7.6399999999999997        7.8437146534185778E-003
  -7.6299999999999999        7.9609426496602669E-003
  -7.6200000000000001        8.0768717186722079E-003
  -7.6100000000000003        8.1915619601897350E-003
  -7.5999999999999996        8.3050692593221453E-003
  -7.5899999999999999        8.4174457003864649E-003
  -7.5800000000000001        8.5287399284763067E-003
  -7.5700000000000003        8.6389974668682028E-003
  -7.5599999999999996        8.7482609968716502E-003
  -7.5499999999999998        8.8565706055510670E-003
  -7.5400000000000000        8.9639640058285473E-003
  -7.5300000000000002        9.0704767327132885E-003
  -7.5199999999999996        9.1761423188227303E-003
  -7.5099999999999998        9.2809924518421974E-003
  -7.5000000000000000        9.3850571161953507E-003
  -7.4900000000000002        9.4883647208485553E-003
  -7.4800000000000004        9.5909422148846377E-003
  -7.4699999999999998        9.6928151922885189E-003
  -7.4600000000000000        9.7940079871538747E-003
  -7.4500000000000002        9.8945437603718510E-003
  -7.4399999999999995        9.9944445787382204E-003
  -7.4299999999999997        1.0093731487270684E-002
  -7.4199999999999999        1.0192424575452962E-002
  -7.4100000000000001        1.0290543038015871E-002
  -7.4000000000000004        1.0388105230810940E-002
  -7.3899999999999997        1.0485128722242366E-002
  -7.3799999999999999        1.0581630340706803E-002
  -7.3700000000000001        1.0677626218394505E-002
  -7.3600000000000003        1.0773131831800620E-002
  -7.3499999999999996        1.0868162039250538E-002
  -7.3399999999999999        1.0962731115697054E-002
  -7.3300000000000001        1.1056852785029842E-002
  -7.3200000000000003        1.1150540250122369E-002
  -7.3099999999999996        1.1243806220796760E-002
  -7.2999999999999998        1.1336662939888553E-002
  -7.2900000000000000        1.1429122207566367E-002
  -7.2800000000000002        1.1521195404043727E-002
  -7.2699999999999996        1.1612893510820108E-002
  -7.2599999999999998        1.1704227130557444E-002
  -7.2500000000000000        1.1795206505704911E-002
  -7.2400000000000002        1.1885841535965821E-002
  -7.2300000000000004        1.1976141794690729E-002
  -7.2199999999999998        1.2066116544281587E-002
  -7.2100000000000000        1.2155774750674963E-002
  -7.2000000000000002        1.2245125096975425E-002
  -7.1899999999999995        1.2334175996292735E-002
  -7.1799999999999997        1.2422935603848172E-002
  -7.1699999999999999        1.2511411828394289E-002
  -7.1600000000000001        1.2599612342992481E-002
  -7.1500000000000004        1.2687544595202899E-002
  -7.1399999999999997        1.2775215816715889E-002
  -7.1299999999999999        1.2862633032462000E-002
  -7.1200000000000001        1.2949803069244765E-002
  -7.1100000000000003        1.3036732563915148E-002
  -7.0999999999999996        1.3123427971117711E-002
  -7.0899999999999999        1.3209895570651648E-002
  -7.0800000000000001        1.3296141474446792E-002
  -7.0700000000000003        1.3382171633192700E-002
  -7.0599999999999996        1.3467991842644781E-002
  -7.0499999999999998        1.3553607749611974E-002
  -7.0400000000000000        1.3639024857663549E-002
  -7.0300000000000002        1.3724248532552762E-002
  -7.0199999999999996        1.3809284007393612E-002
  -7.0099999999999998        1.3894136387582877E-002
  -7.0000000000000000        1.3978810655504766E-002
  -6.9900000000000002        1.4063311675011705E-002
  -6.9800000000000004        1.4147644195704077E-002
  -6.9699999999999998        1.4231812857017644E-002
  -6.9600000000000000        1.4315822192126499E-002
  -6.9500000000000002        1.4399676631677917E-002
  -6.9399999999999995        1.4483380507360658E-002
  -6.9299999999999997        1.4566938055318621E-002
  -6.9199999999999999        1.4650353419421513E-002
  -6.9100000000000001        1.4733630654393646E-002
  -6.9000000000000004        1.4816773728812302E-002
  -6.8899999999999997        1.4899786527981601E-002
  -6.8799999999999999        1.4982672856690969E-002
  -6.8700000000000001        1.5065436441851246E-002
  -6.8599999999999994        1.5148080935036607E-002
  -6.8499999999999996        1.5230609914915445E-002
  -6.8399999999999999        1.5313026889591229E-002
  -6.8300000000000001        1.5395335298844421E-002
  -6.8200000000000003        1.5477538516290589E-002
  -6.8100000000000005        1.5559639851459396E-002
  -6.7999999999999998        1.5641642551782634E-002
  -6.7900000000000000        1.5723549804520558E-002
  -6.7800000000000002        1.5805364738604791E-002
  -6.7699999999999996        1.5887090426416686E-002
  -6.7599999999999998        1.5968729885500833E-002
  -6.7500000000000000        1.6050286080211789E-002
  -6.7400000000000002        1.6131761923308629E-002
  -6.7300000000000004        1.6213160277483450E-002
  -6.7199999999999998        1.6294483956838784E-002
  -6.7100000000000000        1.6375735728312326E-002
  -6.7000000000000002        1.6456918313054975E-002
  -6.6899999999999995        1.6538034387753781E-002
  -6.6799999999999997        1.6619086585915925E-002
  -6.6699999999999999        1.6700077499102694E-002
  -6.6600000000000001        1.6781009678128594E-002
  -6.6500000000000004        1.6861885634213512E-002
  -6.6399999999999997        1.6942707840096057E-002
  -6.6299999999999999        1.7023478731117651E-002
  -6.6200000000000001        1.7104200706264817E-002
  -6.6099999999999994        1.7184876129174114E-002
  -6.5999999999999996        1.7265507329116022E-002
  -6.5899999999999999        1.7346096601930806E-002
  -6.5800000000000001        1.7426646210951878E-002
  -6.5700000000000003        1.7507158387888203E-002
  -6.5600000000000005        1.7587635333682225E-002
  -6.5499999999999998        1.7668079219342107E-002
  -6.5400000000000000        1.7748492186747015E-002
  -6.5300000000000002        1.7828876349427439E-002
  -6.5199999999999996        1.7909233793328278E-002
  -6.5099999999999998        1.7989566577528558E-002
  -6.5000000000000000        1.8069876734972699E-002
  -6.4900000000000002        1.8150166273147871E-002
  -6.4800000000000004        1.8230437174759438E-002
  -6.4699999999999998        1.8310691398382997E-002
  -6.4600000000000000        1.8390930879093877E-002
  -6.4500000000000002        1.8471157529083439E-002
  -6.4399999999999995        1.8551373238254350E-002
  -6.4299999999999997        1.8631579874798888E-002
  -6.4199999999999999        1.8711779285768046E-002
  -6.4100000000000001        1.8791973297606332E-002
  -6.4000000000000004        1.8872163716699097E-002
  -6.3899999999999997        1.8952352329879730E-002
  -6.3799999999999999        1.9032540904932362E-002
  -6.3700000000000001        1.9112731191093562E-002
  -6.3599999999999994        1.9192924919513903E-002
  -6.3499999999999996        1.9273123803730134E-002
  -6.3399999999999999        1.9353329540116086E-002
  -6.3300000000000001        1.9433543808319499E-002
  -6.3200000000000003        1.9513768271693887E-002
  -6.3100000000000005        1.9594004577712161E-002
  -6.2999999999999998        1.9674254358377195E-002
  -6.2900000000000000        1.9754519230613259E-002
  -6.2800000000000002        1.9834800796654155E-002
  -6.2699999999999996        1.9915100644420723E-002
  -6.2599999999999998        1.9995420347888350E-002
  -6.2500000000000000        2.0075761467440549E-002
  -6.2400000000000002        2.0156125550220731E-002
  -6.2300000000000004        2.0236514130479284E-002
  -6.2199999999999998        2.0316928729894931E-002
  -6.2100000000000000        2.0397370857904669E-002
  -6.2000000000000002        2.0477842012023309E-002
  -6.1899999999999995        2.0558343678149554E-002
  -6.1799999999999997        2.0638877330870702E-002
  -6.1699999999999999        2.0719444433753856E-002
  -6.1600000000000001        2.0800046439634880E-002
  -6.1500000000000004        2.0880684790912034E-002
  -6.1399999999999997        2.0961360919802371E-002
  -6.1299999999999999        2.1042076248627486E-002
  -6.1200000000000001        2.1122832190066283E-002
  -6.1099999999999994        2.1203630147422440E-002
  -6.0999999999999996        2.1284471514867453E-002
  -6.0899999999999999        2.1365357677692466E-002
  -6.0800000000000001        2.1446290012550138E-002
  -6.0700000000000003        2.1527269887689843E-002
  -6.0600000000000005        2.1608298663186025E-002
  -6.0499999999999998        2.1689377691171366E-002
  -6.0400000000000000        2.1770508316055016E-002
  -6.0300000000000002        2.1851691874738621E-002
  -6.0199999999999996        2.1932929696832734E-002
  -6.0099999999999998        2.2014223104865283E-002
  -6.0000000000000000        2.2095573414484745E-002
  -5.9900000000000002        2.2176981934658158E-002
  -5.9800000000000004        2.2258449967877559E-002
  -5.9699999999999998        2.2339978810342772E-002
  -5.9600000000000000        2.2421569752154254E-002
  -5.9500000000000002        2.2503224077505730E-002
  -5.9399999999999995        2.2584943064853941E-002
  -5.9299999999999997        2.2666727987108354E-002
  -5.9199999999999999        2.2748580111802329E-002
  -5.9100000000000001        2.2830500701265702E-002
  -5.9000000000000004        2.2912491012799862E-002
  -5.8900000000000006        2.2994552298834754E-002
  -5.8799999999999999        2.3076685807098596E-002
  -5.8700000000000001        2.3158892780782654E-002
  -5.8599999999999994        2.3241174458692559E-002
  -5.8499999999999996        2.3323532075403979E-002
  -5.8399999999999999        2.3405966861423853E-002
  -5.8300000000000001        2.3488480043331150E-002
  -5.8200000000000003        2.3571072843930004E-002
  -5.8100000000000005        2.3653746482395235E-002
  -5.7999999999999998        2.3736502174418080E-002
  -5.7900000000000000        2.3819341132340018E-002
  -5.7799999999999994        2.3902264565299293E-002
  -5.7699999999999996        2.3985273679366825E-002
  -5.7599999999999998        2.4068369677677025E-002
  -5.7500000000000000        2.4151553760564166E-002
  -5.7400000000000002        2.4234827125697994E-002
  -5.7300000000000004        2.4318190968202334E-002
  -5.7199999999999998        2.4401646480791146E-002
  -5.7100000000000000        2.4485194853891105E-002
  -5.6999999999999993        2.4568837275763939E-002
  -5.6899999999999995        2.4652574932639244E-002
  -5.6799999999999997        2.4736409008817191E-002
  -5.6699999999999999        2.4820340686802105E-002
  -5.6600000000000001        2.4904371147417573E-002
  -5.6500000000000004        2.4988501569918810E-002
  -5.6400000000000006        2.5072733132112810E-002
  -5.6299999999999999        2.5157067010462535E-002
  -5.6200000000000001        2.5241504380210500E-002
  -5.6099999999999994        2.5326046415489040E-002
  -5.5999999999999996        2.5410694289415621E-002
  -5.5899999999999999        2.5495449174216010E-002
  -5.5800000000000001        2.5580312241330224E-002
  -5.5700000000000003        2.5665284661513025E-002
  -5.5600000000000005        2.5750367604937152E-002
  -5.5499999999999998        2.5835562241305537E-002
  -5.5400000000000000        2.5920869739951880E-002
  -5.5299999999999994        2.6006291269936751E-002
  -5.5199999999999996        2.6091828000156667E-002
  -5.5099999999999998        2.6177481099435511E-002
  -5.5000000000000000        2.6263251736633624E-002
  -5.4900000000000002        2.6349141080737382E-002
  -5.4800000000000004        2.6435150300961312E-002
  -5.4699999999999998        2.6521280566844101E-002
  -5.4600000000000000        2.6607533048342864E-002
  -5.4499999999999993        2.6693908915928294E-002
  -5.4399999999999995        2.6780409340687535E-002
  -5.4299999999999997        2.6867035494402031E-002
  -5.4199999999999999        2.6953788549651241E-002
  -5.4100000000000001        2.7040669679905593E-002
  -5.4000000000000004        2.7127680059617409E-002
  -5.3900000000000006        2.7214820864300052E-002
  -5.3799999999999999        2.7302093270639712E-002
  -5.3700000000000001        2.7389498456570675E-002
  -5.3599999999999994        2.7477037601368274E-002
  -5.3499999999999996        2.7564711885737822E-002
  -5.3399999999999999        2.7652522491908523E-002
  -5.3300000000000001        2.7740470603709950E-002
  -5.3200000000000003        2.7828557406672234E-002
  -5.3100000000000005        2.7916784088102872E-002
  -5.2999999999999998        2.8005151837185462E-002
  -5.2900000000000000        2.8093661845055823E-002
  -5.2799999999999994        2.8182315304888857E-002
  -5.2699999999999996        2.8271113411992621E-002
  -5.2599999999999998        2.8360057363885780E-002
  -5.2500000000000000        2.8449148360385975E-002
  -5.2400000000000002        2.8538387603696470E-002
  -5.2300000000000004        2.8627776298487121E-002
  -5.2199999999999998        2.8717315651983287E-002
  -5.2100000000000000        2.8807006874048895E-002
  -5.1999999999999993        2.8896851177261009E-002
  -5.1899999999999995        2.8986849777013435E-002
  -5.1799999999999997        2.9077003891587620E-002
  -5.1699999999999999        2.9167314742229288E-002
  -5.1600000000000001        2.9257783553252776E-002
  -5.1500000000000004        2.9348411552106636E-002
  -5.1400000000000006        2.9439199969464633E-002
  -5.1299999999999999        2.9530150039305866E-002
  -5.1200000000000001        2.9621262999007192E-002
  -5.1099999999999994        2.9712540089407304E-002
  -5.0999999999999996        2.9803982554912872E-002
  -5.0899999999999999        2.9895591643561824E-002
  -5.0800000000000001        2.9987368607127234E-002
  -5.0700000000000003        3.0079314701177397E-002
  -5.0600000000000005        3.0171431185176522E-002
  -5.0499999999999998        3.0263719322562218E-002
  -5.0400000000000000        3.0356180380830808E-002
  -5.0299999999999994        3.0448815631610556E-002
  -5.0199999999999996        3.0541626350767008E-002
  -5.0099999999999998        3.0634613818468669E-002
  -5.0000000000000000        3.0727779319269809E-002
  -4.9900000000000002        3.0821124142212750E-002
  -4.9800000000000004        3.0914649580894227E-002
  -4.9699999999999998        3.1008356933552594E-002
  -4.9600000000000000        3.1102247503164423E-002
  -4.9499999999999993        3.1196322597515504E-002
  -4.9399999999999995        3.1290583529293821E-002
  -4.9299999999999997        3.1385031616171150E-002
  -4.9199999999999999        3.1479668180897515E-002
  -4.9100000000000001        3.1574494551371714E-002
  -4.9000000000000004        3.1669512060734192E-002
  -4.8900000000000006        3.1764722047466575E-002
  -4.8799999999999999        3.1860125855454904E-002
  -4.8700000000000001        3.1955724834098392E-002
  -4.8599999999999994        3.2051520338383328E-002
  -4.8499999999999996        3.2147513728974064E-002
  -4.8399999999999999        3.2243706372310298E-002
  -4.8300000000000001        3.2340099640679888E-002
  -4.8200000000000003        3.2436694912323524E-002
  -4.8100000000000005        3.2533493571508240E-002
  -4.7999999999999998        3.2630497008636426E-002
  -4.7900000000000000        3.2727706620320499E-002
  -4.7799999999999994        3.2825123809478648E-002
  -4.7699999999999996        3.2922749985431828E-002
  -4.7599999999999998        3.3020586563984315E-002
  -4.7500000000000000        3.3118634967534095E-002
  -4.7400000000000002        3.3216896625143821E-002
  -4.7300000000000004        3.3315372972643850E-002
  -4.7199999999999998        3.3414065452739290E-002
  -4.7100000000000000        3.3512975515089652E-002
  -4.6999999999999993        3.3612104616393731E-002
  -4.6899999999999995        3.3711454220517932E-002
  -4.6799999999999997        3.3811025798556410E-002
  -4.6699999999999999        3.3910820828965058E-002
  -4.6600000000000001        3.4010840797625390E-002
  -4.6500000000000004        3.4111087197959945E-002
  -4.6400000000000006        3.4211561531035883E-002
  -4.6299999999999999        3.4312265305652331E-002
  -4.6200000000000001        3.4413200038442150E-002
  -4.6099999999999994        3.4514367253991311E-002
  -4.5999999999999996        3.4615768484916334E-002
  -4.5899999999999999        3.4717405271982527E-002
  -4.5800000000000001        3.4819279164200821E-002
  -4.5700000000000003        3.4921391718935983E-002
  -4.5600000000000005        3.5023744502012726E-002
  -4.5499999999999998        3.5126339087819446E-002
  -4.5400000000000000        3.5229177059409082E-002
  -4.5299999999999994        3.5332260008619783E-002
  -4.5199999999999996        3.5435589536175427E-002
  -4.5099999999999998        3.5539167251795165E-002
  -4.5000000000000000        3.5642994774307789E-002
  -4.4900000000000002        3.5747073731762113E-002
  -4.4800000000000004        3.5851405761532444E-002
  -4.4699999999999998        3.5955992510442951E-002
  -4.4600000000000000        3.6060835634880238E-002
  -4.4499999999999993        3.6165936800894589E-002
  -4.4399999999999995        3.6271297684339586E-002
  -4.4299999999999997        3.6376919970969666E-002
  -4.4199999999999999        3.6482805356574263E-002
  -4.4100000000000001        3.6588955547076078E-002
  -4.4000000000000004        3.6695372258683183E-002
  -4.3900000000000006        3.6802057217980924E-002
  -4.3799999999999999        3.6909012162069335E-002
  -4.3700000000000001        3.7016238838695356E-002
  -4.3599999999999994        3.7123739006358104E-002
  -4.3499999999999996        3.7231514434448852E-002
  -4.3399999999999999        3.7339566903382929E-002
  -4.3300000000000001        3.7447898204710339E-002
  -4.3200000000000003        3.7556510141272877E-002
  -4.3100000000000005        3.7665404527308002E-002
  -4.2999999999999998        3.7774583188609143E-002
  -4.2900000000000000        3.7884047962632415E-002
  -4.2799999999999994        3.7993800698665627E-002
  -4.2699999999999996        3.8103843257922841E-002
  -4.2599999999999998        3.8214177513728458E-002
  -4.2500000000000000        3.8324805351626211E-002
  -4.2400000000000002        3.8435728669532536E-002
  -4.2300000000000004        3.8546949377877802E-002
  -4.2199999999999998        3.8658469399756097E-002
  -4.2100000000000000        3.8770290671056272E-002
  -4.1999999999999993        3.8882415140631343E-002
  -4.1899999999999995        3.8994844770430394E-002
  -4.1799999999999997        3.9107581535657784E-002
  -4.1699999999999999        3.9220627424925353E-002
  -4.1600000000000001        3.9333984440406790E-002
  -4.1500000000000004        3.9447654597995090E-002
  -4.1400000000000006        3.9561639927448509E-002
  -4.1299999999999999        3.9675942472570405E-002
  -4.1200000000000001        3.9790564291356793E-002
  -4.1099999999999994        3.9905507456162004E-002
  -4.0999999999999996        4.0020774053874657E-002
  -4.0899999999999999        4.0136366186058231E-002
  -4.0800000000000001        4.0252285969156872E-002
  -4.0700000000000003        4.0368535534629359E-002
  -4.0600000000000005        4.0485117029156470E-002
  -4.0499999999999998        4.0602032614784955E-002
  -4.0400000000000000        4.0719284469132991E-002
  -4.0299999999999994        4.0836874785539087E-002
  -4.0199999999999996        4.0954805773277717E-002
  -4.0099999999999998        4.1073079657710267E-002
  -4.0000000000000000        4.1191698680499732E-002
  -3.9900000000000002        4.1310665099775205E-002
  -3.9799999999999995        4.1429981190325663E-002
  -3.9699999999999998        4.1549649243813679E-002
  -3.9600000000000000        4.1669671568947200E-002
  -3.9500000000000002        4.1790050491680858E-002
  -3.9399999999999995        4.1910788355436344E-002
  -3.9299999999999997        4.2031887521269094E-002
  -3.9199999999999999        4.2153350368092486E-002
  -3.9100000000000001        4.2275179292902615E-002
  -3.9000000000000004        4.2397376710954247E-002
  -3.8899999999999997        4.2519945055997890E-002
  -3.8799999999999999        4.2642886780485188E-002
  -3.8700000000000001        4.2766204355786486E-002
  -3.8600000000000003        4.2889900272411803E-002
  -3.8499999999999996        4.3013977040240153E-002
  -3.8399999999999999        4.3138437188746846E-002
  -3.8300000000000001        4.3263283267218233E-002
  -3.8200000000000003        4.3388517845004776E-002
  -3.8099999999999996        4.3514143511735069E-002
  -3.7999999999999998        4.3640162877574232E-002
  -3.7900000000000000        4.3766578573457990E-002
  -3.7800000000000002        4.3893393251322584E-002
  -3.7699999999999996        4.4020609584387652E-002
  -3.7599999999999998        4.4148230267364169E-002
  -3.7500000000000000        4.4276258016752751E-002
  -3.7400000000000002        4.4404695571060457E-002
  -3.7299999999999995        4.4533545691103911E-002
  -3.7199999999999998        4.4662811160229063E-002
  -3.7100000000000000        4.4792494784627442E-002
  -3.7000000000000002        4.4922599393576575E-002
  -3.6899999999999995        4.5053127839708523E-002
  -3.6799999999999997        4.5184082999331840E-002
  -3.6699999999999999        4.5315467772674069E-002
  -3.6600000000000001        4.5447285084183414E-002
  -3.6499999999999995        4.5579537882834587E-002
  -3.6399999999999997        4.5712229142394825E-002
  -3.6299999999999999        4.5845361861744531E-002
  -3.6200000000000001        4.5978939065194700E-002
  -3.6100000000000003        4.6112963802744593E-002
  -3.5999999999999996        4.6247439150457162E-002
  -3.5899999999999999        4.6382368210725118E-002
  -3.5800000000000001        4.6517754112624959E-002
  -3.5700000000000003        4.6653600012228826E-002
  -3.5599999999999996        4.6789909092929544E-002
  -3.5499999999999998        4.6926684565791583E-002
  -3.5400000000000000        4.7063929669878650E-002
  -3.5300000000000002        4.7201647672613936E-002
  -3.5199999999999996        4.7339841870105072E-002
  -3.5099999999999998        4.7478515587525132E-002
  -3.5000000000000000        4.7617672179451960E-002
  -3.4900000000000002        4.7757315030246807E-002
  -3.4799999999999995        4.7897447554435833E-002
  -3.4699999999999998        4.8038073197054665E-002
  -3.4600000000000000        4.8179195434059713E-002
  -3.4500000000000002        4.8320817772695576E-002
  -3.4399999999999995        4.8462943751901903E-002
  -3.4299999999999997        4.8605576942714536E-002
  -3.4199999999999999        4.8748720948652242E-002
  -3.4100000000000001        4.8892379406152542E-002
  -3.3999999999999995        4.9036555984969178E-002
  -3.3899999999999997        4.9181254388606405E-002
  -3.3799999999999999        4.9326478354741611E-002
  -3.3700000000000001        4.9472231655682201E-002
  -3.3600000000000003        4.9618518098771436E-002
  -3.3499999999999996        4.9765341526881314E-002
  -3.3399999999999999        4.9912705818834897E-002
  -3.3300000000000001        5.0060614889897541E-002
  -3.3200000000000003        5.0209072692223453E-002
  -3.3099999999999996        5.0358083215363808E-002
  -3.2999999999999998        5.0507650486707731E-002
  -3.2900000000000000        5.0657778572037772E-002
  -3.2800000000000002        5.0808471575981416E-002
  -3.2699999999999996        5.0959733642528780E-002
  -3.2599999999999998        5.1111568955571229E-002
  -3.2500000000000000        5.1263981739421274E-002
  -3.2400000000000002        5.1416976259314913E-002
  -3.2299999999999995        5.1570556821998674E-002
  -3.2199999999999998        5.1724727776248487E-002
  -3.2100000000000000        5.1879493513449372E-002
  -3.2000000000000002        5.2034858468164039E-002
  -3.1899999999999995        5.2190827118683232E-002
  -3.1799999999999997        5.2347403987654542E-002
  -3.1699999999999999        5.2504593642640832E-002
  -3.1600000000000001        5.2662400696764540E-002
  -3.1499999999999995        5.2820829809290981E-002
  -3.1399999999999997        5.2979885686282382E-002
  -3.1299999999999999        5.3139573081209333E-002
  -3.1200000000000001        5.3299896795612062E-002
  -3.1100000000000003        5.3460861679777788E-002
  -3.0999999999999996        5.3622472633367058E-002
  -3.0899999999999999        5.3784734606136114E-002
  -3.0800000000000001        5.3947652598602375E-002
  -3.0700000000000003        5.4111231662766865E-002
  -3.0599999999999996        5.4275476902812751E-002
  -3.0499999999999998        5.4440393475834133E-002
  -3.0400000000000000        5.4605986592606084E-002
  -3.0300000000000002        5.4772261518293994E-002
  -3.0199999999999996        5.4939223573252129E-002
  -3.0099999999999998        5.5106878133784030E-002
  -3.0000000000000000        5.5275230632937947E-002
  -2.9900000000000002        5.5444286561331803E-002
  -2.9799999999999995        5.5614051467937346E-002
  -2.9699999999999998        5.5784530960955966E-002
  -2.9600000000000000        5.5955730708627242E-002
  -2.9500000000000002        5.6127656440120362E-002
  -2.9399999999999995        5.6300313946407589E-002
  -2.9299999999999997        5.6473709081145497E-002
  -2.9199999999999999        5.6647847761607972E-002
  -2.9100000000000001        5.6822735969594029E-002
  -2.8999999999999995        5.6998379752380805E-002
  -2.8899999999999997        5.7174785223669367E-002
  -2.8799999999999999        5.7351958564589946E-002
  -2.8700000000000001        5.7529906024660772E-002
  -2.8600000000000003        5.7708633922836323E-002
  -2.8499999999999996        5.7888148648509073E-002
  -2.8399999999999999        5.8068456662582577E-002
  -2.8300000000000001        5.8249564498528694E-002
  -2.8200000000000003        5.8431478763470442E-002
  -2.8099999999999996        5.8614206139305423E-002
  -2.7999999999999998        5.8797753383829754E-002
  -2.7900000000000000        5.8982127331902300E-002
  -2.7800000000000002        5.9167334896566379E-002
  -2.7699999999999996        5.9353383070312321E-002
  -2.7599999999999998        5.9540278926253715E-002
  -2.7500000000000000        5.9728029619365047E-002
  -2.7400000000000002        5.9916642387767109E-002
  -2.7299999999999995        6.0106124553995000E-002
  -2.7199999999999998        6.0296483526309765E-002
  -2.7100000000000000        6.0487726800053362E-002
  -2.7000000000000002        6.0679861958980182E-002
  -2.6899999999999995        6.0872896676674414E-002
  -2.6799999999999997        6.1066838717949261E-002
  -2.6699999999999999        6.1261695940296235E-002
  -2.6600000000000001        6.1457476295348853E-002
  -2.6499999999999995        6.1654187830391727E-002
  -2.6399999999999997        6.1851838689875295E-002
  -2.6299999999999999        6.2050437116998147E-002
  -2.6200000000000001        6.2249991455266211E-002
  -2.6100000000000003        6.2450510150147381E-002
  -2.5999999999999996        6.2652001750689981E-002
  -2.5899999999999999        6.2854474911250943E-002
  -2.5800000000000001        6.3057938393192417E-002
  -2.5700000000000003        6.3262401066614571E-002
  -2.5599999999999996        6.3467871912195772E-002
  -2.5499999999999998        6.3674360022990359E-002
  -2.5400000000000000        6.3881874606296227E-002
  -2.5300000000000002        6.4090424985568661E-002
  -2.5199999999999996        6.4300020602360689E-002
  -2.5099999999999998        6.4510671018287002E-002
  -2.5000000000000000        6.4722385917077754E-002
  -2.4900000000000002        6.4935175106609247E-002
  -2.4799999999999995        6.5149048521062056E-002
  -2.4699999999999998        6.5364016223011828E-002
  -2.4600000000000000        6.5580088405688519E-002
  -2.4500000000000002        6.5797275395189259E-002
  -2.4399999999999995        6.6015587652774779E-002
  -2.4299999999999997        6.6235035777212486E-002
  -2.4199999999999999        6.6455630507172500E-002
  -2.4100000000000001        6.6677382723679290E-002
  -2.3999999999999995        6.6900303452596566E-002
  -2.3899999999999997        6.7124403867172194E-002
  -2.3799999999999999        6.7349695290657569E-002
  -2.3700000000000001        6.7576189199001574E-002
  -2.3600000000000003        6.7803897223479820E-002
  -2.3499999999999996        6.8032831153590059E-002
  -2.3399999999999999        6.8263002939828316E-002
  -2.3300000000000001        6.8494424696587300E-002
  -2.3200000000000003        6.8727108705195536E-002
  -2.3099999999999996        6.8961067416892535E-002
  -2.2999999999999998        6.9196313455965053E-002
  -2.2900000000000000        6.9432859622925530E-002
  -2.2800000000000002        6.9670718897752434E-002
  -2.2699999999999996        6.9909904443214002E-002
  -2.2599999999999998        7.0150429608304823E-002
  -2.2500000000000000        7.0392307931684411E-002
  -2.2400000000000002        7.0635553145232108E-002
  -2.2299999999999995        7.0880179177745167E-002
  -2.2199999999999998        7.1126200158615593E-002
  -2.2100000000000000        7.1373630421682335E-002
  -2.2000000000000002        7.1622484509088397E-002
  -2.1899999999999995        7.1872777175356367E-002
  -2.1799999999999997        7.2124523391411927E-002
  -2.1699999999999999        7.2377738348806522E-002
  -2.1600000000000001        7.2632437464025507E-002
  -2.1499999999999995        7.2888636382847677E-002
  -2.1399999999999997        7.3146350984867339E-002
  -2.1299999999999999        7.3405597388146962E-002
  -2.1200000000000001        7.3666391953859003E-002
  -2.1100000000000003        7.3928751291219563E-002
  -2.0999999999999996        7.4192692262372434E-002
  -2.0899999999999999        7.4458231987534290E-002
  -2.0800000000000001        7.4725387850170799E-002
  -2.0700000000000003        7.4994177502360440E-002
  -2.0599999999999996        7.5264618870275607E-002
  -2.0499999999999998        7.5536730159776758E-002
  -2.0400000000000000        7.5810529862170059E-002
  -2.0300000000000002        7.6086036760167494E-002
  -2.0199999999999996        7.6363269933893890E-002
  -2.0099999999999998        7.6642248767108762E-002
  -2.0000000000000000        7.6922992953602859E-002
  -1.9900000000000002        7.7205522503731402E-002
  -1.9799999999999995        7.7489857751129806E-002
  -1.9699999999999998        7.7776019359616727E-002
  -1.9600000000000000        7.8064028330239635E-002
  -1.9500000000000002        7.8353906008583427E-002
  -1.9399999999999995        7.8645674092177625E-002
  -1.9299999999999997        7.8939354638189407E-002
  -1.9199999999999999        7.9234970071308988E-002
  -1.9100000000000001        7.9532543191751237E-002
  -1.8999999999999995        7.9832097183647865E-002
  -1.8899999999999997        8.0133655623520580E-002
  -1.8799999999999999        8.0437242489059937E-002
  -1.8700000000000001        8.0742882168127972E-002
  -1.8599999999999994        8.1050599468051404E-002
  -1.8499999999999996        8.1360419625076910E-002
  -1.8399999999999999        8.1672368314212887E-002
  -1.8300000000000001        8.1986471659289337E-002
  -1.8200000000000003        8.2302756243290295E-002
  -1.8099999999999996        8.2621249119020426E-002
  -1.7999999999999998        8.2941977820052734E-002
  -1.7900000000000000        8.3264970372013886E-002
  -1.7800000000000002        8.3590255304186525E-002
  -1.7699999999999996        8.3917861661474580E-002
  -1.7599999999999998        8.4247819016648559E-002
  -1.7500000000000000        8.4580157483081730E-002
  -1.7400000000000002        8.4914907727704617E-002
  -1.7299999999999995        8.5252100984562942E-002
  -1.7199999999999998        8.5591769068527945E-002
  -1.7100000000000000        8.5933944389619613E-002
  -1.7000000000000002        8.6278659967727045E-002
  -1.6899999999999995        8.6625949447701259E-002
  -1.6799999999999997        8.6975847115009788E-002
  -1.6699999999999999        8.7328387911819488E-002
  -1.6600000000000001        8.7683607453612658E-002
  -1.6499999999999995        8.8041542046348634E-002
  -1.6399999999999997        8.8402228704074770E-002
  -1.6299999999999999        8.8765705167184558E-002
  -1.6200000000000001        8.9132009921290070E-002
  -1.6099999999999994        8.9501182216609673E-002
  -1.5999999999999996        8.9873262088007236E-002
  -1.5899999999999999        9.0248290375738380E-002
  -1.5800000000000001        9.0626308746891898E-002
  -1.5700000000000003        9.1007359717392336E-002
  -1.5599999999999996        9.1391486674978109E-002
  -1.5499999999999998        9.1778733902669274E-002
  -1.5400000000000000        9.2169146603310353E-002
  -1.5300000000000002        9.2562770924734791E-002
  -1.5199999999999996        9.2959653985845825E-002
  -1.5099999999999998        9.3359843903714157E-002
  -1.5000000000000000        9.3763389821411733E-002
  -1.4900000000000002        9.4170341936995833E-002
  -1.4799999999999995        9.4580751533409183E-002
  -1.4699999999999998        9.4994671009456411E-002
  -1.4600000000000000        9.5412153911946518E-002
  -1.4500000000000002        9.5833254968890225E-002
  -1.4399999999999995        9.6258030123971536E-002
  -1.4299999999999997        9.6686536572224729E-002
  -1.4199999999999999        9.7118832797095156E-002
  -1.4100000000000001        9.7554978608744181E-002
  -1.3999999999999995        9.7995035183929435E-002
  -1.3899999999999997        9.8439065107206639E-002
  -1.3799999999999999        9.8887132413877449E-002
  -1.3700000000000001        9.9339302634412874E-002
  -1.3599999999999994        9.9795642840617330E-002
  -1.3499999999999996       0.10025622169365814     
  -1.3399999999999999       0.10072110949385854     
  -1.3300000000000001       0.10119037823244534     
  -1.3200000000000003       0.10166410164547515     
  -1.3099999999999996       0.10214235526966262     
  -1.2999999999999998       0.10262521650068218     
  -1.2900000000000000       0.10311276465374886     
  -1.2800000000000002       0.10360508102652374     
  -1.2699999999999996       0.10410224896488718     
  -1.2599999999999998       0.10460435393108311     
  -1.2500000000000000       0.10511148357512698     
  -1.2400000000000002       0.10562372780871812     
  -1.2299999999999995       0.10614117888276617     
  -1.2199999999999998       0.10666393146789803     
  -1.2100000000000000       0.10719208273858392     
  -1.2000000000000002       0.10772573246095350     
  -1.1899999999999995       0.10826498308426523     
  -1.1799999999999997       0.10880993983667236     
  -1.1699999999999999       0.10936071082511585     
  -1.1600000000000001       0.10991740713973724     
  -1.1499999999999995       0.11048014296304554     
  -1.1399999999999997       0.11104903568405457     
  -1.1299999999999999       0.11162420601779026     
  -1.1200000000000001       0.11220577813024109     
  -1.1099999999999994       0.11279387976926673     
  -1.0999999999999996       0.11338864240176220     
  -1.0899999999999999       0.11399020135729709     
  -1.0800000000000001       0.11459869597884374     
  -1.0700000000000003       0.11521426978068924     
  -1.0599999999999996       0.11583707061436871     
  -1.0499999999999998       0.11646725084274943     
  -1.0400000000000000       0.11710496752275446     
  -1.0300000000000002       0.11775038259765495     
  -1.0199999999999996       0.11840366309898517     
  -1.0099999999999998       0.11906498135912615     
  -1.0000000000000000       0.11973451523484302     
 -0.99000000000000021       0.12041244834278345     
 -0.97999999999999954       0.12109897030761582     
 -0.96999999999999975       0.12179427702343706     
 -0.95999999999999996       0.12249857092956445     
 -0.95000000000000018       0.12321206130161966     
 -0.93999999999999950       0.12393496455876871     
 -0.92999999999999972       0.12466750458838932     
 -0.91999999999999993       0.12540991308911986     
 -0.91000000000000014       0.12616242993425428     
 -0.89999999999999947       0.12692530355555731     
 -0.88999999999999968       0.12769879135042944     
 -0.87999999999999989       0.12848316011315741     
 -0.87000000000000011       0.12927868649250956     
 -0.85999999999999943       0.13008565747692774     
 -0.84999999999999964       0.13090437091033455     
 -0.83999999999999986       0.13173513604000522     
 -0.83000000000000007       0.13257827409937986     
 -0.82000000000000028       0.13343411892852283     
 -0.80999999999999961       0.13430301763487110     
 -0.79999999999999982       0.13518533129785715     
 -0.79000000000000004       0.13608143572076881     
 -0.78000000000000025       0.13699172223327846     
 -0.76999999999999957       0.13791659854985205     
 -0.75999999999999979       0.13885648968756600     
 -0.75000000000000000       0.13981183894904037     
 -0.74000000000000021       0.14078310897624460     
 -0.72999999999999954       0.14177078288050246     
 -0.71999999999999975       0.14277536545666450     
 -0.70999999999999996       0.14379738448806687     
 -0.70000000000000018       0.14483739215094896     
 -0.68999999999999950       0.14589596652783038     
 -0.67999999999999972       0.14697371323953140     
 -0.66999999999999993       0.14807126720792060     
 -0.66000000000000014       0.14918929456161112     
 -0.64999999999999947       0.15032849469908172     
 -0.63999999999999968       0.15148960252529287     
 -0.62999999999999989       0.15267339087885443     
 -0.62000000000000011       0.15388067317110085     
 -0.60999999999999943       0.15511230625790554     
 -0.59999999999999964       0.15636919357132886     
 -0.58999999999999986       0.15765228853838184     
 -0.58000000000000007       0.15896259832015272     
 -0.57000000000000028       0.16030118790809886     
 -0.55999999999999961       0.16166918461932758     
 -0.54999999999999982       0.16306778303885244     
 -0.54000000000000004       0.16449825046360866     
 -0.53000000000000025       0.16596193291126141     
 -0.51999999999999957       0.16746026176644041     
 -0.50999999999999979       0.16899476114730144     
 -0.50000000000000000       0.17056705609065162     
 -0.49000000000000021       0.17217888166714554     
 -0.47999999999999954       0.17383209315876300     
 -0.46999999999999975       0.17552867745290596     
 -0.45999999999999996       0.17727076583422186     
 -0.45000000000000018       0.17906064838883654     
 -0.43999999999999950       0.18090079027631473     
 -0.42999999999999972       0.18279385017216321     
 -0.41999999999999993       0.18474270124866499     
 -0.41000000000000014       0.18675045513265609     
 -0.39999999999999947       0.18882048937879373     
 -0.38999999999999968       0.19095647911643723     
 -0.37999999999999989       0.19316243367347258     
 -0.37000000000000011       0.19544273920952943     
 -0.35999999999999943       0.19780220860846023     
 -0.34999999999999964       0.20024614027455429     
 -0.33999999999999986       0.20278038792931977     
 -0.33000000000000007       0.20541144417925858     
 -0.32000000000000028       0.20814654155923584     
 -0.30999999999999961       0.21099377610829373     
 -0.29999999999999982       0.21396226049809841     
 -0.29000000000000004       0.21706231659390182     
 -0.28000000000000025       0.22030572145416033     
 -0.26999999999999957       0.22370602655514454     
 -0.25999999999999979       0.22727897776029757     
 -0.25000000000000000       0.23104307308869737     
 -0.24000000000000021       0.23502030554217984     
 -0.22999999999999954       0.23923714613349506     
 -0.21999999999999975       0.24372582189446815     
 -0.20999999999999996       0.24852592520549646     
 -0.20000000000000018       0.25368634029650072     
 -0.18999999999999950       0.25926737366074271     
 -0.17999999999999972       0.26534281272178062     
 -0.16999999999999993       0.27200140688921276     
 -0.16000000000000014       0.27934698431928390     
 -0.14999999999999947       0.28749613736020002     
 -0.13999999999999968       0.29657222207128148     
 -0.12999999999999989       0.30669445069280754     
 -0.12000000000000011       0.31796125007473408     
 -0.10999999999999943       0.33042791772973140     
  -9.9999999999999645E-002  0.34407993626783695     
  -8.9999999999999858E-002  0.35880495575758664     
  -8.0000000000000071E-002  0.37436808778118796     
  -6.9999999999999396E-002  0.39039629049082358     
  -5.9999999999999609E-002  0.40637773543004707     
  -4.9999999999999822E-002  0.42168073751112989     
  -4.0000000000000036E-002  0.43559401532740022     
  -3.0000000000000249E-002  0.44738608569614835     
  -1.9999999999999574E-002  0.45637728013253143     
  -9.9999999999997868E-003  0.46201427765568048     
   0.0000000000000000       0.46393523680650195     
   9.9999999999997868E-003  0.46201427765568048     
   1.9999999999999574E-002  0.45637728013253143     
   2.9999999999999361E-002  0.44738608569614902     
   4.0000000000000924E-002  0.43559401532739961     
   5.0000000000000711E-002  0.42168073751112828     
   6.0000000000000497E-002  0.40637773543004574     
   7.0000000000000284E-002  0.39039629049082186     
   8.0000000000000071E-002  0.37436808778118796     
   8.9999999999999858E-002  0.35880495575758664     
   9.9999999999999645E-002  0.34407993626783695     
  0.10999999999999943       0.33042791772973140     
  0.12000000000000099       0.31796125007473303     
  0.13000000000000078       0.30669445069280621     
  0.14000000000000057       0.29657222207128031     
  0.15000000000000036       0.28749613736019969     
  0.16000000000000014       0.27934698431928390     
  0.16999999999999993       0.27200140688921276     
  0.17999999999999972       0.26534281272178062     
  0.18999999999999950       0.25926737366074271     
  0.19999999999999929       0.25368634029650122     
  0.21000000000000085       0.24852592520549593     
  0.22000000000000064       0.24372582189446801     
  0.23000000000000043       0.23923714613349484     
  0.24000000000000021       0.23502030554217984     
  0.25000000000000000       0.23104307308869737     
  0.25999999999999979       0.22727897776029757     
  0.26999999999999957       0.22370602655514454     
  0.27999999999999936       0.22030572145416039     
  0.29000000000000092       0.21706231659390168     
  0.30000000000000071       0.21396226049809830     
  0.31000000000000050       0.21099377610829365     
  0.32000000000000028       0.20814654155923584     
  0.33000000000000007       0.20541144417925858     
  0.33999999999999986       0.20278038792931977     
  0.34999999999999964       0.20024614027455429     
  0.35999999999999943       0.19780220860846023     
  0.37000000000000099       0.19544273920952937     
  0.38000000000000078       0.19316243367347252     
  0.39000000000000057       0.19095647911643707     
  0.40000000000000036       0.18882048937879331     
  0.41000000000000014       0.18675045513265609     
  0.41999999999999993       0.18474270124866499     
  0.42999999999999972       0.18279385017216321     
  0.43999999999999950       0.18090079027631473     
  0.44999999999999929       0.17906064838883648     
  0.46000000000000085       0.17727076583422152     
  0.47000000000000064       0.17552867745290560     
  0.48000000000000043       0.17383209315876280     
  0.49000000000000021       0.17217888166714554     
  0.50000000000000000       0.17056705609065162     
  0.50999999999999979       0.16899476114730144     
  0.51999999999999957       0.16746026176644041     
  0.52999999999999936       0.16596193291126174     
  0.54000000000000092       0.16449825046360864     
  0.55000000000000071       0.16306778303885239     
  0.56000000000000050       0.16166918461932744     
  0.57000000000000028       0.16030118790809886     
  0.58000000000000007       0.15896259832015272     
  0.58999999999999986       0.15765228853838184     
  0.59999999999999964       0.15636919357132886     
  0.60999999999999943       0.15511230625790554     
  0.62000000000000099       0.15388067317110052     
  0.63000000000000078       0.15267339087885431     
  0.64000000000000057       0.15148960252529298     
  0.65000000000000036       0.15032849469908149     
  0.66000000000000014       0.14918929456161112     
  0.66999999999999993       0.14807126720792060     
  0.67999999999999972       0.14697371323953140     
  0.68999999999999950       0.14589596652783038     
  0.70000000000000107       0.14483739215094868     
  0.71000000000000085       0.14379738448806662     
  0.72000000000000064       0.14277536545666447     
  0.73000000000000043       0.14177078288050246     
  0.74000000000000021       0.14078310897624460     
  0.75000000000000000       0.13981183894904037     
  0.75999999999999979       0.13885648968756600     
  0.76999999999999957       0.13791659854985205     
  0.77999999999999936       0.13699172223327841     
  0.79000000000000092       0.13608143572076861     
  0.80000000000000071       0.13518533129785701     
  0.81000000000000050       0.13430301763487093     
  0.82000000000000028       0.13343411892852283     
  0.83000000000000007       0.13257827409937986     
  0.83999999999999986       0.13173513604000522     
  0.84999999999999964       0.13090437091033455     
  0.85999999999999943       0.13008565747692774     
  0.87000000000000099       0.12927868649250990     
  0.88000000000000078       0.12848316011315739     
  0.89000000000000057       0.12769879135042925     
  0.90000000000000036       0.12692530355555715     
  0.91000000000000014       0.12616242993425428     
  0.91999999999999993       0.12540991308911986     
  0.92999999999999972       0.12466750458838932     
  0.93999999999999950       0.12393496455876871     
  0.95000000000000107       0.12321206130161975     
  0.96000000000000085       0.12249857092956426     
  0.97000000000000064       0.12179427702343704     
  0.98000000000000043       0.12109897030761566     
  0.99000000000000021       0.12041244834278345     
   1.0000000000000000       0.11973451523484302     
   1.0099999999999998       0.11906498135912615     
   1.0199999999999996       0.11840366309898517     
   1.0299999999999994       0.11775038259765525     
   1.0400000000000009       0.11710496752275427     
   1.0500000000000007       0.11646725084274924     
   1.0600000000000005       0.11583707061436860     
   1.0700000000000003       0.11521426978068924     
   1.0800000000000001       0.11459869597884374     
   1.0899999999999999       0.11399020135729709     
   1.0999999999999996       0.11338864240176220     
   1.1099999999999994       0.11279387976926673     
   1.1200000000000010       0.11220577813024095     
   1.1300000000000008       0.11162420601779013     
   1.1400000000000006       0.11104903568405457     
   1.1500000000000004       0.11048014296304549     
   1.1600000000000001       0.10991740713973724     
   1.1699999999999999       0.10936071082511585     
   1.1799999999999997       0.10880993983667236     
   1.1899999999999995       0.10826498308426523     
   1.2000000000000011       0.10772573246095354     
   1.2100000000000009       0.10719208273858395     
   1.2200000000000006       0.10666393146789795     
   1.2300000000000004       0.10614117888276603     
   1.2400000000000002       0.10562372780871812     
   1.2500000000000000       0.10511148357512698     
   1.2599999999999998       0.10460435393108311     
   1.2699999999999996       0.10410224896488718     
   1.2799999999999994       0.10360508102652378     
   1.2900000000000009       0.10311276465374873     
   1.3000000000000007       0.10262521650068207     
   1.3100000000000005       0.10214235526966260     
   1.3200000000000003       0.10166410164547515     
   1.3300000000000001       0.10119037823244534     
   1.3399999999999999       0.10072110949385854     
   1.3499999999999996       0.10025622169365814     
   1.3599999999999994        9.9795642840617330E-002
   1.3700000000000010        9.9339302634412915E-002
   1.3800000000000008        9.8887132413877490E-002
   1.3900000000000006        9.8439065107206555E-002
   1.4000000000000004        9.7995035183929227E-002
   1.4100000000000001        9.7554978608744181E-002
   1.4199999999999999        9.7118832797095156E-002
   1.4299999999999997        9.6686536572224729E-002
   1.4399999999999995        9.6258030123971536E-002
   1.4500000000000011        9.5833254968890308E-002
   1.4600000000000009        9.5412153911946504E-002
   1.4700000000000006        9.4994671009456369E-002
   1.4800000000000004        9.4580751533409266E-002
   1.4900000000000002        9.4170341936995833E-002
   1.5000000000000000        9.3763389821411733E-002
   1.5099999999999998        9.3359843903714157E-002
   1.5199999999999996        9.2959653985845825E-002
   1.5299999999999994        9.2562770924734750E-002
   1.5400000000000009        9.2169146603310298E-002
   1.5500000000000007        9.1778733902669205E-002
   1.5600000000000005        9.1391486674978095E-002
   1.5700000000000003        9.1007359717392336E-002
   1.5800000000000001        9.0626308746891898E-002
   1.5899999999999999        9.0248290375738380E-002
   1.5999999999999996        8.9873262088007236E-002
   1.6099999999999994        8.9501182216609673E-002
   1.6200000000000010        8.9132009921289959E-002
   1.6300000000000008        8.8765705167184517E-002
   1.6400000000000006        8.8402228704074826E-002
   1.6500000000000004        8.8041542046348828E-002
   1.6600000000000001        8.7683607453612658E-002
   1.6699999999999999        8.7328387911819488E-002
   1.6799999999999997        8.6975847115009788E-002
   1.6899999999999995        8.6625949447701259E-002
   1.7000000000000011        8.6278659967727128E-002
   1.7100000000000009        8.5933944389619585E-002
   1.7200000000000006        8.5591769068528015E-002
   1.7300000000000004        8.5252100984562901E-002
   1.7400000000000002        8.4914907727704617E-002
   1.7500000000000000        8.4580157483081730E-002
   1.7599999999999998        8.4247819016648559E-002
   1.7699999999999996        8.3917861661474580E-002
   1.7799999999999994        8.3590255304186595E-002
   1.7900000000000009        8.3264970372013858E-002
   1.8000000000000007        8.2941977820052609E-002
   1.8100000000000005        8.2621249119020315E-002
   1.8200000000000003        8.2302756243290295E-002
   1.8300000000000001        8.1986471659289337E-002
   1.8399999999999999        8.1672368314212887E-002
   1.8499999999999996        8.1360419625076910E-002
   1.8599999999999994        8.1050599468051404E-002
   1.8700000000000010        8.0742882168127819E-002
   1.8800000000000008        8.0437242489059951E-002
   1.8900000000000006        8.0133655623520636E-002
   1.9000000000000004        7.9832097183647796E-002
   1.9100000000000001        7.9532543191751237E-002
   1.9199999999999999        7.9234970071308988E-002
   1.9299999999999997        7.8939354638189407E-002
   1.9399999999999995        7.8645674092177625E-002
   1.9500000000000011        7.8353906008583427E-002
   1.9600000000000009        7.8064028330239690E-002
   1.9700000000000006        7.7776019359616588E-002
   1.9800000000000004        7.7489857751129904E-002
   1.9900000000000002        7.7205522503731402E-002
   2.0000000000000000        7.6922992953602859E-002
   2.0099999999999998        7.6642248767108762E-002
   2.0199999999999996        7.6363269933893890E-002
   2.0299999999999994        7.6086036760167480E-002
   2.0400000000000009        7.5810529862170128E-002
   2.0500000000000007        7.5536730159776674E-002
   2.0600000000000005        7.5264618870275676E-002
   2.0700000000000003        7.4994177502360440E-002
   2.0800000000000001        7.4725387850170799E-002
   2.0899999999999999        7.4458231987534290E-002
   2.0999999999999996        7.4192692262372434E-002
   2.1099999999999994        7.3928751291219549E-002
   2.1200000000000010        7.3666391953858892E-002
   2.1300000000000008        7.3405597388147059E-002
   2.1400000000000006        7.3146350984867256E-002
   2.1500000000000004        7.2888636382847552E-002
   2.1600000000000001        7.2632437464025507E-002
   2.1699999999999999        7.2377738348806522E-002
   2.1799999999999997        7.2124523391411927E-002
   2.1899999999999995        7.1872777175356367E-002
   2.2000000000000011        7.1622484509088383E-002
   2.2100000000000009        7.1373630421682321E-002
   2.2200000000000006        7.1126200158615621E-002
   2.2300000000000004        7.0880179177745153E-002
   2.2400000000000002        7.0635553145232108E-002
   2.2500000000000000        7.0392307931684411E-002
   2.2599999999999998        7.0150429608304823E-002
   2.2699999999999996        6.9909904443214002E-002
   2.2799999999999994        6.9670718897752462E-002
   2.2900000000000009        6.9432859622925489E-002
   2.3000000000000007        6.9196313455964983E-002
   2.3100000000000005        6.8961067416892521E-002
   2.3200000000000003        6.8727108705195536E-002
   2.3300000000000001        6.8494424696587300E-002
   2.3399999999999999        6.8263002939828316E-002
   2.3499999999999996        6.8032831153590059E-002
   2.3599999999999994        6.7803897223479917E-002
   2.3700000000000010        6.7576189199001560E-002
   2.3800000000000008        6.7349695290657569E-002
   2.3900000000000006        6.7124403867172180E-002
   2.4000000000000004        6.6900303452596468E-002
   2.4100000000000001        6.6677382723679290E-002
   2.4199999999999999        6.6455630507172500E-002
   2.4299999999999997        6.6235035777212486E-002
   2.4399999999999995        6.6015587652774779E-002
   2.4500000000000011        6.5797275395189217E-002
   2.4600000000000009        6.5580088405688408E-002
   2.4700000000000006        6.5364016223011814E-002
   2.4800000000000004        6.5149048521061917E-002
   2.4900000000000002        6.4935175106609247E-002
   2.5000000000000000        6.4722385917077754E-002
   2.5099999999999998        6.4510671018287002E-002
   2.5199999999999996        6.4300020602360689E-002
   2.5299999999999994        6.4090424985568689E-002
   2.5400000000000009        6.3881874606296185E-002
   2.5500000000000007        6.3674360022990387E-002
   2.5600000000000005        6.3467871912195606E-002
   2.5700000000000003        6.3262401066614571E-002
   2.5800000000000001        6.3057938393192417E-002
   2.5899999999999999        6.2854474911250943E-002
   2.5999999999999996        6.2652001750689981E-002
   2.6099999999999994        6.2450510150147430E-002
   2.6200000000000010        6.2249991455266225E-002
   2.6300000000000008        6.2050437116998210E-002
   2.6400000000000006        6.1851838689875233E-002
   2.6500000000000004        6.1654187830391699E-002
   2.6600000000000001        6.1457476295348853E-002
   2.6699999999999999        6.1261695940296235E-002
   2.6799999999999997        6.1066838717949261E-002
   2.6899999999999995        6.0872896676674414E-002
   2.7000000000000011        6.0679861958980105E-002
   2.7100000000000009        6.0487726800053265E-002
   2.7200000000000006        6.0296483526309751E-002
   2.7300000000000004        6.0106124553995027E-002
   2.7400000000000002        5.9916642387767109E-002
   2.7500000000000000        5.9728029619365047E-002
   2.7599999999999998        5.9540278926253715E-002
   2.7699999999999996        5.9353383070312321E-002
   2.7799999999999994        5.9167334896566379E-002
   2.7900000000000009        5.8982127331902438E-002
   2.8000000000000007        5.8797753383829830E-002
   2.8100000000000005        5.8614206139305403E-002
   2.8200000000000003        5.8431478763470442E-002
   2.8300000000000001        5.8249564498528694E-002
   2.8399999999999999        5.8068456662582577E-002
   2.8499999999999996        5.7888148648509073E-002
   2.8599999999999994        5.7708633922836469E-002
   2.8700000000000010        5.7529906024660862E-002
   2.8800000000000008        5.7351958564589890E-002
   2.8900000000000006        5.7174785223669346E-002
   2.9000000000000004        5.6998379752380784E-002
   2.9100000000000001        5.6822735969594029E-002
   2.9199999999999999        5.6647847761607972E-002
   2.9299999999999997        5.6473709081145497E-002
   2.9399999999999995        5.6300313946407589E-002
   2.9500000000000011        5.6127656440120396E-002
   2.9600000000000009        5.5955730708627166E-002
   2.9700000000000006        5.5784530960955953E-002
   2.9800000000000004        5.5614051467937374E-002
   2.9900000000000002        5.5444286561331803E-002
   3.0000000000000000        5.5275230632937947E-002
   3.0099999999999998        5.5106878133784030E-002
   3.0199999999999996        5.4939223573252129E-002
   3.0299999999999994        5.4772261518294008E-002
   3.0400000000000009        5.4605986592606119E-002
   3.0500000000000007        5.4440393475834119E-002
   3.0600000000000005        5.4275476902812703E-002
   3.0700000000000003        5.4111231662766865E-002
   3.0800000000000001        5.3947652598602375E-002
   3.0899999999999999        5.3784734606136114E-002
   3.0999999999999996        5.3622472633367058E-002
   3.1099999999999994        5.3460861679777906E-002
   3.1200000000000010        5.3299896795612103E-002
   3.1300000000000008        5.3139573081209285E-002
   3.1400000000000006        5.2979885686282403E-002
   3.1500000000000004        5.2820829809290828E-002
   3.1600000000000001        5.2662400696764540E-002
   3.1699999999999999        5.2504593642640832E-002
   3.1799999999999997        5.2347403987654542E-002
   3.1899999999999995        5.2190827118683232E-002
   3.2000000000000011        5.2034858468163941E-002
   3.2100000000000009        5.1879493513449414E-002
   3.2200000000000006        5.1724727776248487E-002
   3.2300000000000004        5.1570556821998598E-002
   3.2400000000000002        5.1416976259314913E-002
   3.2500000000000000        5.1263981739421274E-002
   3.2599999999999998        5.1111568955571229E-002
   3.2699999999999996        5.0959733642528780E-002
   3.2799999999999994        5.0808471575981472E-002
   3.2900000000000009        5.0657778572037702E-002
   3.3000000000000007        5.0507650486707689E-002
   3.3100000000000005        5.0358083215363787E-002
   3.3200000000000003        5.0209072692223453E-002
   3.3300000000000001        5.0060614889897541E-002
   3.3399999999999999        4.9912705818834897E-002
   3.3499999999999996        4.9765341526881314E-002
   3.3599999999999994        4.9618518098771450E-002
   3.3700000000000010        4.9472231655682146E-002
   3.3800000000000008        4.9326478354741625E-002
   3.3900000000000006        4.9181254388606370E-002
   3.4000000000000004        4.9036555984969206E-002
   3.4100000000000001        4.8892379406152542E-002
   3.4199999999999999        4.8748720948652242E-002
   3.4299999999999997        4.8605576942714536E-002
   3.4399999999999995        4.8462943751901903E-002
   3.4500000000000011        4.8320817772695521E-002
   3.4600000000000009        4.8179195434059754E-002
   3.4700000000000006        4.8038073197054630E-002
   3.4800000000000004        4.7897447554435778E-002
   3.4900000000000002        4.7757315030246807E-002
   3.5000000000000000        4.7617672179451960E-002
   3.5099999999999998        4.7478515587525132E-002
   3.5199999999999996        4.7339841870105072E-002
   3.5299999999999994        4.7201647672613957E-002
   3.5400000000000009        4.7063929669878643E-002
   3.5500000000000007        4.6926684565791507E-002
   3.5600000000000005        4.6789909092929523E-002
   3.5700000000000003        4.6653600012228826E-002
   3.5800000000000001        4.6517754112624959E-002
   3.5899999999999999        4.6382368210725118E-002
   3.5999999999999996        4.6247439150457162E-002
   3.6099999999999994        4.6112963802744593E-002
   3.6200000000000010        4.5978939065194721E-002
   3.6300000000000008        4.5845361861744552E-002
   3.6400000000000006        4.5712229142394777E-002
   3.6500000000000004        4.5579537882834573E-002
   3.6600000000000001        4.5447285084183414E-002
   3.6699999999999999        4.5315467772674069E-002
   3.6799999999999997        4.5184082999331840E-002
   3.6899999999999995        4.5053127839708523E-002
   3.7000000000000011        4.4922599393576547E-002
   3.7100000000000009        4.4792494784627344E-002
   3.7200000000000006        4.4662811160229084E-002
   3.7300000000000004        4.4533545691103897E-002
   3.7400000000000002        4.4404695571060457E-002
   3.7500000000000000        4.4276258016752751E-002
   3.7599999999999998        4.4148230267364169E-002
   3.7699999999999996        4.4020609584387652E-002
   3.7799999999999994        4.3893393251322695E-002
   3.7900000000000009        4.3766578573457934E-002
   3.8000000000000007        4.3640162877574266E-002
   3.8100000000000005        4.3514143511735034E-002
   3.8200000000000003        4.3388517845004776E-002
   3.8300000000000001        4.3263283267218233E-002
   3.8399999999999999        4.3138437188746846E-002
   3.8499999999999996        4.3013977040240153E-002
   3.8599999999999994        4.2889900272411775E-002
   3.8700000000000010        4.2766204355786437E-002
   3.8800000000000008        4.2642886780485230E-002
   3.8900000000000006        4.2519945055997863E-002
   3.9000000000000004        4.2397376710954247E-002
   3.9100000000000001        4.2275179292902615E-002
   3.9199999999999999        4.2153350368092486E-002
   3.9299999999999997        4.2031887521269094E-002
   3.9399999999999995        4.1910788355436344E-002
   3.9500000000000011        4.1790050491680858E-002
   3.9600000000000009        4.1669671568947186E-002
   3.9700000000000006        4.1549649243813630E-002
   3.9800000000000004        4.1429981190325642E-002
   3.9900000000000002        4.1310665099775205E-002
   4.0000000000000000        4.1191698680499732E-002
   4.0099999999999998        4.1073079657710267E-002
   4.0199999999999996        4.0954805773277717E-002
   4.0300000000000011        4.0836874785539080E-002
   4.0400000000000009        4.0719284469132949E-002
   4.0500000000000007        4.0602032614784941E-002
   4.0600000000000005        4.0485117029156470E-002
   4.0700000000000003        4.0368535534629359E-002
   4.0800000000000001        4.0252285969156872E-002
   4.0899999999999999        4.0136366186058231E-002
   4.0999999999999996        4.0020774053874657E-002
   4.1099999999999994        3.9905507456162004E-002
   4.1200000000000010        3.9790564291356731E-002
   4.1300000000000008        3.9675942472570336E-002
   4.1400000000000006        3.9561639927448509E-002
   4.1500000000000004        3.9447654597995090E-002
   4.1600000000000001        3.9333984440406790E-002
   4.1699999999999999        3.9220627424925353E-002
   4.1799999999999997        3.9107581535657784E-002
   4.1899999999999995        3.8994844770430394E-002
   4.2000000000000011        3.8882415140631295E-002
   4.2100000000000009        3.8770290671056175E-002
   4.2200000000000006        3.8658469399756139E-002
   4.2300000000000004        3.8546949377877802E-002
   4.2400000000000002        3.8435728669532536E-002
   4.2500000000000000        3.8324805351626211E-002
   4.2599999999999998        3.8214177513728458E-002
   4.2699999999999996        3.8103843257922841E-002
   4.2800000000000011        3.7993800698665578E-002
   4.2900000000000009        3.7884047962632443E-002
   4.3000000000000007        3.7774583188609163E-002
   4.3100000000000005        3.7665404527308002E-002
   4.3200000000000003        3.7556510141272877E-002
   4.3300000000000001        3.7447898204710339E-002
   4.3399999999999999        3.7339566903382929E-002
   4.3499999999999996        3.7231514434448852E-002
   4.3599999999999994        3.7123739006358104E-002
   4.3700000000000010        3.7016238838695349E-002
   4.3800000000000008        3.6909012162069287E-002
   4.3900000000000006        3.6802057217980924E-002
   4.4000000000000004        3.6695372258683183E-002
   4.4100000000000001        3.6588955547076078E-002
   4.4199999999999999        3.6482805356574263E-002
   4.4299999999999997        3.6376919970969666E-002
   4.4399999999999995        3.6271297684339586E-002
   4.4500000000000011        3.6165936800894506E-002
   4.4600000000000009        3.6060835634880176E-002
   4.4700000000000006        3.5955992510442930E-002
   4.4800000000000004        3.5851405761532444E-002
   4.4900000000000002        3.5747073731762113E-002
   4.5000000000000000        3.5642994774307789E-002
   4.5099999999999998        3.5539167251795165E-002
   4.5199999999999996        3.5435589536175427E-002
   4.5300000000000011        3.5332260008619720E-002
   4.5400000000000009        3.5229177059409075E-002
   4.5500000000000007        3.5126339087819494E-002
   4.5600000000000005        3.5023744502012726E-002
   4.5700000000000003        3.4921391718935983E-002
   4.5800000000000001        3.4819279164200821E-002
   4.5899999999999999        3.4717405271982527E-002
   4.5999999999999996        3.4615768484916334E-002
   4.6099999999999994        3.4514367253991311E-002
   4.6200000000000010        3.4413200038442157E-002
   4.6300000000000008        3.4312265305652345E-002
   4.6400000000000006        3.4211561531035883E-002
   4.6500000000000004        3.4111087197959945E-002
   4.6600000000000001        3.4010840797625390E-002
   4.6699999999999999        3.3910820828965058E-002
   4.6799999999999997        3.3811025798556410E-002
   4.6899999999999995        3.3711454220517932E-002
   4.7000000000000011        3.3612104616393683E-002
   4.7100000000000009        3.3512975515089666E-002
   4.7200000000000006        3.3414065452739269E-002
   4.7300000000000004        3.3315372972643850E-002
   4.7400000000000002        3.3216896625143821E-002
   4.7500000000000000        3.3118634967534095E-002
   4.7599999999999998        3.3020586563984315E-002
   4.7699999999999996        3.2922749985431828E-002
   4.7800000000000011        3.2825123809478551E-002
   4.7900000000000009        3.2727706620320485E-002
   4.8000000000000007        3.2630497008636475E-002
   4.8100000000000005        3.2533493571508240E-002
   4.8200000000000003        3.2436694912323524E-002
   4.8300000000000001        3.2340099640679888E-002
   4.8399999999999999        3.2243706372310298E-002
   4.8499999999999996        3.2147513728974064E-002
   4.8599999999999994        3.2051520338383328E-002
   4.8700000000000010        3.1955724834098358E-002
   4.8800000000000008        3.1860125855454877E-002
   4.8900000000000006        3.1764722047466575E-002
   4.9000000000000004        3.1669512060734192E-002
   4.9100000000000001        3.1574494551371714E-002
   4.9199999999999999        3.1479668180897515E-002
   4.9299999999999997        3.1385031616171150E-002
   4.9399999999999995        3.1290583529293821E-002
   4.9500000000000011        3.1196322597515404E-002
   4.9600000000000009        3.1102247503164402E-002
   4.9700000000000006        3.1008356933552597E-002
   4.9800000000000004        3.0914649580894227E-002
   4.9900000000000002        3.0821124142212750E-002
   5.0000000000000000        3.0727779319269809E-002
   5.0099999999999998        3.0634613818468669E-002
   5.0199999999999996        3.0541626350767008E-002
   5.0300000000000011        3.0448815631610483E-002
   5.0400000000000009        3.0356180380830797E-002
   5.0500000000000007        3.0263719322562176E-002
   5.0600000000000005        3.0171431185176522E-002
   5.0700000000000003        3.0079314701177397E-002
   5.0800000000000001        2.9987368607127234E-002
   5.0899999999999999        2.9895591643561824E-002
   5.0999999999999996        2.9803982554912872E-002
   5.1099999999999994        2.9712540089407304E-002
   5.1200000000000010        2.9621262999007192E-002
   5.1300000000000008        2.9530150039305886E-002
   5.1400000000000006        2.9439199969464633E-002
   5.1500000000000004        2.9348411552106636E-002
   5.1600000000000001        2.9257783553252776E-002
   5.1699999999999999        2.9167314742229288E-002
   5.1799999999999997        2.9077003891587620E-002
   5.1899999999999995        2.8986849777013435E-002
   5.2000000000000011        2.8896851177261061E-002
   5.2100000000000009        2.8807006874048871E-002
   5.2200000000000006        2.8717315651983266E-002
   5.2300000000000004        2.8627776298487121E-002
   5.2400000000000002        2.8538387603696470E-002
   5.2500000000000000        2.8449148360385975E-002
   5.2599999999999998        2.8360057363885780E-002
   5.2699999999999996        2.8271113411992621E-002
   5.2800000000000011        2.8182315304888839E-002
   5.2900000000000009        2.8093661845055792E-002
   5.3000000000000007        2.8005151837185448E-002
   5.3100000000000005        2.7916784088102872E-002
   5.3200000000000003        2.7828557406672234E-002
   5.3300000000000001        2.7740470603709950E-002
   5.3399999999999999        2.7652522491908523E-002
   5.3499999999999996        2.7564711885737822E-002
   5.3599999999999994        2.7477037601368274E-002
   5.3700000000000010        2.7389498456570665E-002
   5.3800000000000008        2.7302093270639746E-002
   5.3900000000000006        2.7214820864300052E-002
   5.4000000000000004        2.7127680059617409E-002
   5.4100000000000001        2.7040669679905593E-002
   5.4199999999999999        2.6953788549651241E-002
   5.4299999999999997        2.6867035494402031E-002
   5.4399999999999995        2.6780409340687535E-002
   5.4500000000000011        2.6693908915928287E-002
   5.4600000000000009        2.6607533048342829E-002
   5.4700000000000006        2.6521280566844063E-002
   5.4800000000000004        2.6435150300961312E-002
   5.4900000000000002        2.6349141080737382E-002
   5.5000000000000000        2.6263251736633624E-002
   5.5099999999999998        2.6177481099435511E-002
   5.5199999999999996        2.6091828000156667E-002
   5.5300000000000011        2.6006291269936699E-002
   5.5400000000000009        2.5920869739951887E-002
   5.5500000000000007        2.5835562241305513E-002
   5.5600000000000005        2.5750367604937152E-002
   5.5700000000000003        2.5665284661513025E-002
   5.5800000000000001        2.5580312241330224E-002
   5.5899999999999999        2.5495449174216010E-002
   5.5999999999999996        2.5410694289415621E-002
   5.6099999999999994        2.5326046415489040E-002
   5.6200000000000010        2.5241504380210490E-002
   5.6300000000000008        2.5157067010462515E-002
   5.6400000000000006        2.5072733132112810E-002
   5.6500000000000004        2.4988501569918810E-002
   5.6600000000000001        2.4904371147417573E-002
   5.6699999999999999        2.4820340686802105E-002
   5.6799999999999997        2.4736409008817191E-002
   5.6899999999999995        2.4652574932639244E-002
   5.7000000000000011        2.4568837275763936E-002
   5.7100000000000009        2.4485194853891064E-002
   5.7200000000000006        2.4401646480791118E-002
   5.7300000000000004        2.4318190968202334E-002
   5.7400000000000002        2.4234827125697994E-002
   5.7500000000000000        2.4151553760564166E-002
   5.7599999999999998        2.4068369677677025E-002
   5.7699999999999996        2.3985273679366825E-002
   5.7800000000000011        2.3902264565299251E-002
   5.7900000000000009        2.3819341132340001E-002
   5.8000000000000007        2.3736502174418108E-002
   5.8100000000000005        2.3653746482395235E-002
   5.8200000000000003        2.3571072843930004E-002
   5.8300000000000001        2.3488480043331150E-002
   5.8399999999999999        2.3405966861423853E-002
   5.8499999999999996        2.3323532075403979E-002
   5.8599999999999994        2.3241174458692559E-002
   5.8700000000000010        2.3158892780782678E-002
   5.8800000000000008        2.3076685807098579E-002
   5.8900000000000006        2.2994552298834754E-002
   5.9000000000000004        2.2912491012799862E-002
   5.9100000000000001        2.2830500701265702E-002
   5.9199999999999999        2.2748580111802329E-002
   5.9299999999999997        2.2666727987108354E-002
   5.9399999999999995        2.2584943064853941E-002
   5.9500000000000011        2.2503224077505719E-002
   5.9600000000000009        2.2421569752154258E-002
   5.9700000000000006        2.2339978810342762E-002
   5.9800000000000004        2.2258449967877559E-002
   5.9900000000000002        2.2176981934658158E-002
   6.0000000000000000        2.2095573414484745E-002
   6.0099999999999998        2.2014223104865283E-002
   6.0199999999999996        2.1932929696832734E-002
   6.0300000000000011        2.1851691874738607E-002
   6.0400000000000009        2.1770508316055016E-002
   6.0500000000000007        2.1689377691171335E-002
   6.0600000000000005        2.1608298663186025E-002
   6.0700000000000003        2.1527269887689843E-002
   6.0800000000000001        2.1446290012550138E-002
   6.0899999999999999        2.1365357677692466E-002
   6.0999999999999996        2.1284471514867453E-002
   6.1099999999999994        2.1203630147422440E-002
   6.1200000000000010        2.1122832190066266E-002
   6.1300000000000008        2.1042076248627504E-002
   6.1400000000000006        2.0961360919802347E-002
   6.1500000000000004        2.0880684790912034E-002
   6.1600000000000001        2.0800046439634880E-002
   6.1699999999999999        2.0719444433753856E-002
   6.1799999999999997        2.0638877330870702E-002
   6.1899999999999995        2.0558343678149554E-002
   6.2000000000000011        2.0477842012023330E-002
   6.2100000000000009        2.0397370857904672E-002
   6.2200000000000006        2.0316928729894927E-002
   6.2300000000000004        2.0236514130479284E-002
   6.2400000000000002        2.0156125550220731E-002
   6.2500000000000000        2.0075761467440549E-002
   6.2599999999999998        1.9995420347888350E-002
   6.2699999999999996        1.9915100644420723E-002
   6.2800000000000011        1.9834800796654155E-002
   6.2900000000000009        1.9754519230613252E-002
   6.3000000000000007        1.9674254358377188E-002
   6.3100000000000005        1.9594004577712161E-002
   6.3200000000000003        1.9513768271693887E-002
   6.3300000000000001        1.9433543808319499E-002
   6.3399999999999999        1.9353329540116086E-002
   6.3499999999999996        1.9273123803730134E-002
   6.3599999999999994        1.9192924919513903E-002
   6.3700000000000010        1.9112731191093538E-002
   6.3800000000000008        1.9032540904932352E-002
   6.3900000000000006        1.8952352329879726E-002
   6.4000000000000004        1.8872163716699097E-002
   6.4100000000000001        1.8791973297606332E-002
   6.4199999999999999        1.8711779285768046E-002
   6.4299999999999997        1.8631579874798888E-002
   6.4399999999999995        1.8551373238254350E-002
   6.4500000000000011        1.8471157529083439E-002
   6.4600000000000009        1.8390930879093863E-002
   6.4700000000000006        1.8310691398382963E-002
   6.4800000000000004        1.8230437174759438E-002
   6.4900000000000002        1.8150166273147871E-002
   6.5000000000000000        1.8069876734972699E-002
   6.5099999999999998        1.7989566577528558E-002
   6.5199999999999996        1.7909233793328278E-002
   6.5300000000000011        1.7828876349427404E-002
   6.5400000000000009        1.7748492186747025E-002
   6.5500000000000007        1.7668079219342093E-002
   6.5600000000000005        1.7587635333682225E-002
   6.5700000000000003        1.7507158387888203E-002
   6.5800000000000001        1.7426646210951878E-002
   6.5899999999999999        1.7346096601930806E-002
   6.5999999999999996        1.7265507329116022E-002
   6.6099999999999994        1.7184876129174114E-002
   6.6200000000000010        1.7104200706264817E-002
   6.6300000000000008        1.7023478731117630E-002
   6.6400000000000006        1.6942707840096050E-002
   6.6500000000000004        1.6861885634213512E-002
   6.6600000000000001        1.6781009678128594E-002
   6.6699999999999999        1.6700077499102694E-002
   6.6799999999999997        1.6619086585915925E-002
   6.6899999999999995        1.6538034387753781E-002
   6.7000000000000011        1.6456918313054993E-002
   6.7100000000000009        1.6375735728312305E-002
   6.7200000000000006        1.6294483956838787E-002
   6.7300000000000004        1.6213160277483450E-002
   6.7400000000000002        1.6131761923308629E-002
   6.7500000000000000        1.6050286080211789E-002
   6.7599999999999998        1.5968729885500833E-002
   6.7699999999999996        1.5887090426416686E-002
   6.7800000000000011        1.5805364738604784E-002
   6.7900000000000009        1.5723549804520530E-002
   6.8000000000000007        1.5641642551782631E-002
   6.8100000000000005        1.5559639851459396E-002
   6.8200000000000003        1.5477538516290589E-002
   6.8300000000000001        1.5395335298844421E-002
   6.8399999999999999        1.5313026889591229E-002
   6.8499999999999996        1.5230609914915445E-002
   6.8599999999999994        1.5148080935036607E-002
   6.8700000000000010        1.5065436441851241E-002
   6.8800000000000008        1.4982672856690976E-002
   6.8900000000000006        1.4899786527981570E-002
   6.9000000000000004        1.4816773728812302E-002
   6.9100000000000001        1.4733630654393646E-002
   6.9199999999999999        1.4650353419421513E-002
   6.9299999999999997        1.4566938055318621E-002
   6.9399999999999995        1.4483380507360658E-002
   6.9500000000000011        1.4399676631677925E-002
   6.9600000000000009        1.4315822192126480E-002
   6.9700000000000006        1.4231812857017625E-002
   6.9800000000000004        1.4147644195704077E-002
   6.9900000000000002        1.4063311675011705E-002
   7.0000000000000000        1.3978810655504766E-002
   7.0099999999999998        1.3894136387582877E-002
   7.0199999999999996        1.3809284007393612E-002
   7.0300000000000011        1.3724248532552765E-002
   7.0400000000000009        1.3639024857663551E-002
   7.0500000000000007        1.3553607749611955E-002
   7.0600000000000005        1.3467991842644784E-002
   7.0700000000000003        1.3382171633192700E-002
   7.0800000000000001        1.3296141474446792E-002
   7.0899999999999999        1.3209895570651648E-002
   7.0999999999999996        1.3123427971117711E-002
   7.1099999999999994        1.3036732563915155E-002
   7.1200000000000010        1.2949803069244769E-002
   7.1300000000000008        1.2862633032461979E-002
   7.1400000000000006        1.2775215816715884E-002
   7.1500000000000004        1.2687544595202899E-002
   7.1600000000000001        1.2599612342992481E-002
   7.1699999999999999        1.2511411828394289E-002
   7.1799999999999997        1.2422935603848172E-002
   7.1899999999999995        1.2334175996292735E-002
   7.2000000000000011        1.2245125096975409E-002
   7.2100000000000009        1.2155774750674949E-002
   7.2200000000000006        1.2066116544281582E-002
   7.2300000000000004        1.1976141794690729E-002
   7.2400000000000002        1.1885841535965821E-002
   7.2500000000000000        1.1795206505704911E-002
   7.2599999999999998        1.1704227130557444E-002
   7.2699999999999996        1.1612893510820108E-002
   7.2800000000000011        1.1521195404043708E-002
   7.2900000000000009        1.1429122207566375E-002
   7.3000000000000007        1.1336662939888548E-002
   7.3100000000000005        1.1243806220796753E-002
   7.3200000000000003        1.1150540250122369E-002
   7.3300000000000001        1.1056852785029842E-002
   7.3399999999999999        1.0962731115697054E-002
   7.3499999999999996        1.0868162039250538E-002
   7.3599999999999994        1.0773131831800608E-002
   7.3700000000000010        1.0677626218394498E-002
   7.3800000000000008        1.0581630340706810E-002
   7.3900000000000006        1.0485128722242361E-002
   7.4000000000000004        1.0388105230810940E-002
   7.4100000000000001        1.0290543038015871E-002
   7.4199999999999999        1.0192424575452962E-002
   7.4299999999999997        1.0093731487270684E-002
   7.4399999999999995        9.9944445787382204E-003
   7.4500000000000011        9.8945437603718388E-003
   7.4600000000000009        9.7940079871538677E-003
   7.4700000000000006        9.6928151922885189E-003
   7.4800000000000004        9.5909422148846377E-003
   7.4900000000000002        9.4883647208485553E-003
   7.5000000000000000        9.3850571161953507E-003
   7.5099999999999998        9.2809924518421974E-003
   7.5199999999999996        9.1761423188227303E-003
   7.5300000000000011        9.0704767327132677E-003
   7.5400000000000009        8.9639640058285265E-003
   7.5500000000000007        8.8565706055510722E-003
   7.5600000000000005        8.7482609968716433E-003
   7.5700000000000003        8.6389974668682028E-003
   7.5800000000000001        8.5287399284763067E-003
   7.5899999999999999        8.4174457003864649E-003
   7.5999999999999996        8.3050692593221453E-003
   7.6100000000000012        8.1915619601897315E-003
   7.6200000000000010        8.0768717186722010E-003
   7.6300000000000008        7.9609426496602721E-003
   7.6400000000000006        7.8437146534185744E-003
   7.6500000000000004        7.7251229394630526E-003
   7.6600000000000001        7.6050974755763499E-003
   7.6699999999999999        7.4835623460533145E-003
   7.6799999999999997        7.3604349986657013E-003
   7.6899999999999995        7.2356253535720031E-003
   7.7000000000000011        7.1090347385986252E-003
   7.7100000000000009        6.9805546029231410E-003
   7.7200000000000006        6.8500649437494262E-003
   7.7300000000000004        6.7174323563072777E-003
   7.7400000000000002        6.5825075847877716E-003
   7.7500000000000000        6.4451224099458500E-003
   7.7599999999999998        6.3050856601493130E-003
   7.7699999999999996        6.1621780843869375E-003
   7.7800000000000011        6.0161457959390851E-003
   7.7900000000000009        5.8666920165575702E-003
   7.8000000000000007        5.7134669744807456E-003
   7.8100000000000005        5.5560561051022587E-003
   7.8200000000000003        5.3939672498574285E-003
   7.8300000000000001        5.2266184126534918E-003
   7.8399999999999999        5.0533288275116982E-003
   7.8499999999999996        4.8733175250936138E-003
   7.8600000000000012        4.6857150121445068E-003
   7.8700000000000010        4.4895946646012260E-003
   7.8800000000000008        4.2840303928674715E-003
   7.8900000000000006        4.0681854303252956E-003
   7.9000000000000004        3.8414332413399350E-003
   7.9100000000000001        3.6035054753848455E-003
   7.9199999999999999        3.3546542002137070E-003
   7.9299999999999997        3.0958076933486614E-003
   7.9399999999999995        2.8286928728084850E-003
   7.9500000000000011        2.5558952570243253E-003
   7.9600000000000009        2.2808309938739954E-003
   7.9700000000000006        2.0076156803292551E-003
   7.9800000000000004        1.7408304208823984E-003
   7.9900000000000002        1.4852040922840334E-003
   8.0000000000000000        1.2452480711280993E-003
