 ttp,ttx,del,nx 
   1.0000000000000000        0.0000000000000000        1.0000000000000000E-002         500
  -8.0000000000000000        1.2452480711280993E-003
  -7.9900000000000002        1.4852040922840334E-003
  -7.9800000000000004        1.7408304208823984E-003
  -7.9699999999999998        2.0076156803292772E-003
  -7.9600000000000000        2.2808309938740176E-003
  -7.9500000000000002        2.5558952570243448E-003
  -7.9400000000000004        2.8286928728084590E-003
  -7.9299999999999997        3.0958076933486614E-003
  -7.9199999999999999        3.3546542002137070E-003
  -7.9100000000000001        3.6035054753848455E-003
  -7.9000000000000004        3.8414332413399350E-003
  -7.8899999999999997        4.0681854303253155E-003
  -7.8799999999999999        4.2840303928674845E-003
  -7.8700000000000001        4.4895946646012442E-003
  -7.8600000000000003        4.6857150121445224E-003
  -7.8499999999999996        4.8733175250936138E-003
  -7.8399999999999999        5.0533288275116982E-003
  -7.8300000000000001        5.2266184126534918E-003
  -7.8200000000000003        5.3939672498574285E-003
  -7.8099999999999996        5.5560561051022700E-003
  -7.7999999999999998        5.7134669744807517E-003
  -7.7900000000000000        5.8666920165575918E-003
  -7.7800000000000002        6.0161457959390990E-003
  -7.7699999999999996        6.1621780843869375E-003
  -7.7599999999999998        6.3050856601493139E-003
  -7.7500000000000000        6.4451224099458474E-003
  -7.7400000000000002        6.5825075847877725E-003
  -7.7300000000000004        6.7174323563072751E-003
  -7.7199999999999998        6.8500649437494461E-003
  -7.7100000000000000        6.9805546029231506E-003
  -7.7000000000000002        7.1090347385986286E-003
  -7.6900000000000004        7.2356253535719867E-003
  -7.6799999999999997        7.3604349986657039E-003
  -7.6699999999999999        7.4835623460533171E-003
  -7.6600000000000001        7.6050974755763482E-003
  -7.6500000000000004        7.7251229394630526E-003
  -7.6399999999999997        7.8437146534185778E-003
  -7.6299999999999999        7.9609426496602669E-003
  -7.6200000000000001        8.0768717186722079E-003
  -7.6100000000000003        8.1915619601897385E-003
  -7.5999999999999996        8.3050692593221488E-003
  -7.5899999999999999        8.4174457003864719E-003
  -7.5800000000000001        8.5287399284763084E-003
  -7.5700000000000003        8.6389974668682045E-003
  -7.5599999999999996        8.7482609968716537E-003
  -7.5499999999999998        8.8565706055510670E-003
  -7.5400000000000000        8.9639640058285439E-003
  -7.5300000000000002        9.0704767327132903E-003
  -7.5199999999999996        9.1761423188227338E-003
  -7.5099999999999998        9.2809924518421991E-003
  -7.5000000000000000        9.3850571161953542E-003
  -7.4900000000000002        9.4883647208485519E-003
  -7.4800000000000004        9.5909422148846343E-003
  -7.4699999999999998        9.6928151922885206E-003
  -7.4600000000000000        9.7940079871538764E-003
  -7.4500000000000002        9.8945437603718545E-003
  -7.4399999999999995        9.9944445787382204E-003
  -7.4299999999999997        1.0093731487270687E-002
  -7.4199999999999999        1.0192424575452960E-002
  -7.4100000000000001        1.0290543038015873E-002
  -7.4000000000000004        1.0388105230810941E-002
  -7.3899999999999997        1.0485128722242366E-002
  -7.3799999999999999        1.0581630340706806E-002
  -7.3700000000000001        1.0677626218394503E-002
  -7.3600000000000003        1.0773131831800618E-002
  -7.3499999999999996        1.0868162039250538E-002
  -7.3399999999999999        1.0962731115697054E-002
  -7.3300000000000001        1.1056852785029842E-002
  -7.3200000000000003        1.1150540250122373E-002
  -7.3099999999999996        1.1243806220796763E-002
  -7.2999999999999998        1.1336662939888551E-002
  -7.2900000000000000        1.1429122207566365E-002
  -7.2800000000000002        1.1521195404043730E-002
  -7.2699999999999996        1.1612893510820109E-002
  -7.2599999999999998        1.1704227130557448E-002
  -7.2500000000000000        1.1795206505704913E-002
  -7.2400000000000002        1.1885841535965823E-002
  -7.2300000000000004        1.1976141794690729E-002
  -7.2199999999999998        1.2066116544281590E-002
  -7.2100000000000000        1.2155774750674961E-002
  -7.2000000000000002        1.2245125096975420E-002
  -7.1899999999999995        1.2334175996292737E-002
  -7.1799999999999997        1.2422935603848176E-002
  -7.1699999999999999        1.2511411828394289E-002
  -7.1600000000000001        1.2599612342992478E-002
  -7.1500000000000004        1.2687544595202896E-002
  -7.1399999999999997        1.2775215816715887E-002
  -7.1299999999999999        1.2862633032462005E-002
  -7.1200000000000001        1.2949803069244767E-002
  -7.1100000000000003        1.3036732563915149E-002
  -7.0999999999999996        1.3123427971117709E-002
  -7.0899999999999999        1.3209895570651645E-002
  -7.0800000000000001        1.3296141474446792E-002
  -7.0700000000000003        1.3382171633192700E-002
  -7.0599999999999996        1.3467991842644786E-002
  -7.0499999999999998        1.3553607749611974E-002
  -7.0400000000000000        1.3639024857663551E-002
  -7.0300000000000002        1.3724248532552757E-002
  -7.0199999999999996        1.3809284007393615E-002
  -7.0099999999999998        1.3894136387582879E-002
  -7.0000000000000000        1.3978810655504765E-002
  -6.9900000000000002        1.4063311675011705E-002
  -6.9800000000000004        1.4147644195704074E-002
  -6.9699999999999998        1.4231812857017648E-002
  -6.9600000000000000        1.4315822192126499E-002
  -6.9500000000000002        1.4399676631677917E-002
  -6.9399999999999995        1.4483380507360654E-002
  -6.9299999999999997        1.4566938055318624E-002
  -6.9199999999999999        1.4650353419421509E-002
  -6.9100000000000001        1.4733630654393643E-002
  -6.9000000000000004        1.4816773728812304E-002
  -6.8899999999999997        1.4899786527981596E-002
  -6.8799999999999999        1.4982672856690964E-002
  -6.8700000000000001        1.5065436441851248E-002
  -6.8599999999999994        1.5148080935036610E-002
  -6.8499999999999996        1.5230609914915448E-002
  -6.8399999999999999        1.5313026889591233E-002
  -6.8300000000000001        1.5395335298844418E-002
  -6.8200000000000003        1.5477538516290593E-002
  -6.8100000000000005        1.5559639851459400E-002
  -6.7999999999999998        1.5641642551782634E-002
  -6.7900000000000000        1.5723549804520558E-002
  -6.7800000000000002        1.5805364738604794E-002
  -6.7699999999999996        1.5887090426416686E-002
  -6.7599999999999998        1.5968729885500837E-002
  -6.7500000000000000        1.6050286080211789E-002
  -6.7400000000000002        1.6131761923308629E-002
  -6.7300000000000004        1.6213160277483447E-002
  -6.7199999999999998        1.6294483956838784E-002
  -6.7100000000000000        1.6375735728312326E-002
  -6.7000000000000002        1.6456918313054975E-002
  -6.6899999999999995        1.6538034387753781E-002
  -6.6799999999999997        1.6619086585915922E-002
  -6.6699999999999999        1.6700077499102694E-002
  -6.6600000000000001        1.6781009678128598E-002
  -6.6500000000000004        1.6861885634213508E-002
  -6.6399999999999997        1.6942707840096057E-002
  -6.6299999999999999        1.7023478731117644E-002
  -6.6200000000000001        1.7104200706264821E-002
  -6.6099999999999994        1.7184876129174114E-002
  -6.5999999999999996        1.7265507329116022E-002
  -6.5899999999999999        1.7346096601930802E-002
  -6.5800000000000001        1.7426646210951875E-002
  -6.5700000000000003        1.7507158387888203E-002
  -6.5600000000000005        1.7587635333682225E-002
  -6.5499999999999998        1.7668079219342103E-002
  -6.5400000000000000        1.7748492186747015E-002
  -6.5300000000000002        1.7828876349427439E-002
  -6.5199999999999996        1.7909233793328282E-002
  -6.5099999999999998        1.7989566577528558E-002
  -6.5000000000000000        1.8069876734972703E-002
  -6.4900000000000002        1.8150166273147871E-002
  -6.4800000000000004        1.8230437174759442E-002
  -6.4699999999999998        1.8310691398383001E-002
