1.840891829265075830e-01
1.079743731311667704e-01
9.656285177700829614e-02
9.023779778461957224e-02
8.532633717729168343e-02
8.126779157931379727e-02
7.781377649682427733e-02
7.481402271048342989e-02
7.216813201210288409e-02
6.980543979595582593e-02
6.767433103523429194e-02
6.573598114857620578e-02
6.396047016631241366e-02
6.232426492543659269e-02
6.080853002741997554e-02
5.939796103030663132e-02
5.807995777828723477e-02
5.684402566717246946e-02
5.568133350707413221e-02
5.458438136204767782e-02
