-3.338746176366844724e-82
-3.759984336207833954e-83
-1.355063240350976299e-83
-6.915655570969019473e-84
-4.184059668232276872e-84
-2.801073972314322882e-84
-2.005574541668030655e-84
-1.506443195717040034e-84
-1.172854023466368190e-84
-9.389428933287944900e-85
-7.686190141837108824e-85
-6.407616967381175048e-85
-5.423431046060847627e-85
-4.649734180747956146e-85
-4.030518041494000695e-85
-3.527235543992683693e-85
-3.112653524558357364e-85
-2.767089767212757689e-85
-2.476033169561146641e-85
-2.228595126488196932e-85
-2.016476160822513001e-85
-1.833260802570373812e-85
-1.673926744151453656e-85
-1.534496960584928217e-85
-1.411789112712054949e-85
-1.303232340342595899e-85
-1.206731502581790536e-85
-1.120565324452279557e-85
-1.043309106227536659e-85
-9.737754518467586627e-86
-9.109683705757435050e-86
-8.540474114557518511e-86
-8.022994002923083226e-86
-7.551159916914333076e-86
-7.119757079256737022e-86
-6.724294682178330522e-86
-6.360888542296325317e-86
-6.026165360525933372e-86
-5.717184157691352394e-86
-5.431371452519452543e-86
-5.166467501924890477e-86
-4.920481497491160478e-86
-4.691654052636828985e-86
-4.478425655462498888e-86
-4.279410027151641764e-86
-4.093371533122335289e-86
-3.919205957360413475e-86
-3.755924079606154371e-86
-3.602637597944099590e-86
-3.458547021655906081e-86
-3.322931225373711821e-86
-3.195138409027407168e-86
-3.074578251452795526e-86
-2.960715080871928928e-86
-2.853061914377116809e-86
-2.751175242307829317e-86
-2.654650453000360687e-86
-2.563117809604604158e-86
-2.476238904128845543e-86
-2.393703525096754724e-86
-2.315226884584080033e-86
-2.240547158273436001e-86
-2.169423298786932303e-86
-2.101633088143688111e-86
-2.036971399917210168e-86
-1.975248645679093584e-86
-1.916289383728776571e-86
-1.859931071020165576e-86
-1.806022941685418149e-86
-1.754424997690041524e-86
