9.871582127585462607e-02
7.768193373467054130e-02
6.565425411656035382e-02
5.739876304111418692e-02
5.123173034898063916e-02
4.638843249630524024e-02
4.257328440133702901e-02
3.929419930786887116e-02
3.651273228269869692e-02
3.411824253685008523e-02
3.203186029752280728e-02
3.019548071733217653e-02
2.856522392068196886e-02
2.710719489544764771e-02
2.579473808978485772e-02
2.460655563956808123e-02
2.352540327340078147e-02
2.253715424609441936e-02
2.163009405407531963e-02
2.079444746858916809e-02
