1.821985599229014874e-01
1.155328011611743005e-01
1.148636027062943377e-01
1.149768169014829672e-01
1.150616148977275516e-01
1.151335916374938567e-01
1.151950877470653140e-01
1.152464631670467587e-01
1.152879709151531373e-01
1.153199009485179199e-01
1.153425718224889984e-01
1.153563171640322599e-01
1.153614765663266706e-01
1.153583897185812140e-01
1.153473925578094306e-01
1.153288147099033600e-01
1.153029777836737796e-01
1.152701942482347308e-01
1.152307667198544938e-01
1.151849875419341390e-01
