2.097546390092300539e-01
2.194944933190690062e-01
2.168363443488149078e-01
2.133653244766385293e-01
2.014674797835358244e-01
2.012029340945238054e-01
2.005826003110693090e-01
1.997717129477250275e-01
1.978968199502894321e-01
1.959431843896703440e-01
1.940364564662808433e-01
1.921845678162293347e-01
1.903924225681344340e-01
1.886631113677154914e-01
1.869983166204586267e-01
1.853986980086162195e-01
1.813045759062539286e-01
1.799813568043772127e-01
1.787054652663195020e-01
1.774543242389079178e-01
1.758978720857748979e-01
1.743807933430482349e-01
1.729014324244371459e-01
1.714581355601697554e-01
1.700492720312007100e-01
1.694310439342228691e-01
1.678510450471697446e-01
1.663089341579802594e-01
1.649050245387608526e-01
1.636804512027172920e-01
