5.000000000000000278e-02
2.896551724137931272e-01
5.293103448275862100e-01
7.689655172413794038e-01
1.008620689655172376e+00
1.248275862068965569e+00
1.487931034482758763e+00
1.727586206896551735e+00
1.967241379310344929e+00
2.206896551724137900e+00
2.446551724137930872e+00
2.686206896551723844e+00
2.925862068965517260e+00
3.165517241379310232e+00
3.405172413793103203e+00
3.644827586206896619e+00
3.884482758620689591e+00
4.124137931034482563e+00
4.363793103448275978e+00
4.603448275862068506e+00
4.843103448275861922e+00
5.082758620689655338e+00
5.322413793103447865e+00
5.562068965517241281e+00
5.801724137931034697e+00
6.041379310344827225e+00
6.281034482758620641e+00
6.520689655172414056e+00
6.760344827586206584e+00
7.000000000000000000e+00
