3.292123723324170137e-01
2.143377371760320504e-01
1.868052942236677061e-01
1.707913305810492832e-01
1.608601728582659818e-01
1.609863103594262601e-01
1.532351551350555341e-01
1.468945942174927355e-01
1.433598726664852552e-01
1.389977024793500604e-01
1.350325893669303279e-01
1.314037358896666674e-01
1.280651430219481857e-01
1.249790352565771645e-01
1.221142514161211723e-01
1.194449359531069843e-01
1.169493130996803049e-01
1.146084405304003129e-01
1.124058562599592748e-01
1.103280603207264926e-01
1.083624842659795390e-01
1.064984648806437811e-01
1.048824374521588054e-01
1.033953768398690742e-01
1.019532162296090810e-01
1.005509271258024362e-01
9.759391840860315304e-02
9.632393175292508491e-02
9.508362537275409643e-02
9.387417585550404675e-02
