1.427688775804120680e-01
1.415104293016158088e-01
1.402870371718128450e-01
1.390965452302654060e-01
1.379380550606311429e-01
1.368095623434082975e-01
1.357098001195093939e-01
1.346375040160654457e-01
1.335915351118827088e-01
1.325703235516980938e-01
1.315737383154780282e-01
1.306006747176783611e-01
1.296495718740096059e-01
1.287195727365984532e-01
1.278105106057114970e-01
1.269213608519430270e-01
1.260512584548363901e-01
1.251996615306029959e-01
1.243657602458070888e-01
1.235490076974665036e-01
1.227489132750911732e-01
1.219647017056496308e-01
1.211958372788663335e-01
1.204419648655548764e-01
1.197025848163997958e-01
1.189771300160860357e-01
1.182652222914872264e-01
1.175663833777155914e-01
1.168802045386061750e-01
1.162062925004586078e-01
1.155442492892260059e-01
1.148937513912400010e-01
1.142541080244736662e-01
1.136256109627117317e-01
1.130076202879329028e-01
1.123998232973704992e-01
1.118019191738005985e-01
1.112136185209022798e-01
1.106346904061460829e-01
1.100647714878388306e-01
1.095036510344329916e-01
1.089510830250819962e-01
1.084068217242603605e-01
1.078708668626520428e-01
1.073425319505188769e-01
1.068218410989164036e-01
1.063085866263583229e-01
1.058095078312032283e-01
1.053778061699370688e-01
1.049499282679923762e-01
1.045257797362327545e-01
1.041061624708288363e-01
1.036892272184892633e-01
1.032757730966312598e-01
1.028657286186037967e-01
1.024590268438332341e-01
1.020571223712507525e-01
1.016569050587942669e-01
1.012598537371007801e-01
1.008658950448107633e-01
1.004750226696358578e-01
1.000871697797998117e-01
9.970229251595501274e-02
9.772207800930078625e-02
9.736010742548635577e-02
9.700063536930296493e-02
9.664362911696761094e-02
9.628790970878065014e-02
9.593578441538455626e-02
9.558606950691607429e-02
9.523892079571116831e-02
9.489397262886015150e-02
9.455138182471951869e-02
9.421113160791518004e-02
9.387320577218509488e-02
