2.057481585107099609e-01
2.218866236524835445e-01
2.153454981611344909e-01
2.120711933029453267e-01
2.001027990409172952e-01
1.997054277252486298e-01
1.989498741384848057e-01
1.976738523962852379e-01
1.954365862471883208e-01
1.932646156989842046e-01
1.911678995917338864e-01
1.891527597936430716e-01
1.872224339074072819e-01
1.853782232594744228e-01
1.807054686540653377e-01
1.792212471249584327e-01
1.777971140698458019e-01
1.764346911849782595e-01
1.747367536789706521e-01
1.730285674184719458e-01
1.713682660346203812e-01
1.697533694413840000e-01
1.690974308682558769e-01
1.672892421437018329e-01
1.655311536508465575e-01
1.639070651373442100e-01
1.625289939132247286e-01
1.611884261310650157e-01
1.598836196694917167e-01
1.586129171442235974e-01
