1.000000000000000056e-01
3.379310344827586299e-01
5.758620689655172820e-01
8.137931034482758230e-01
1.051724137931034475e+00
1.289655172413793238e+00
1.527586206896551779e+00
1.765517241379310542e+00
2.003448275862068861e+00
2.241379310344827847e+00
2.479310344827586388e+00
2.717241379310344929e+00
2.955172413793103470e+00
3.193103448275862011e+00
3.431034482758620996e+00
3.668965517241379537e+00
3.906896551724138078e+00
4.144827586206896619e+00
4.382758620689655160e+00
4.620689655172413701e+00
4.858620689655172242e+00
5.096551724137930783e+00
5.334482758620689324e+00
5.572413793103447865e+00
5.810344827586206407e+00
6.048275862068964948e+00
6.286206896551723489e+00
6.524137931034482918e+00
6.762068965517241459e+00
7.000000000000000000e+00
