2.000000000000000000e+00
2.067567567567567544e+00
2.135135135135135087e+00
2.202702702702702631e+00
2.270270270270270174e+00
2.337837837837837718e+00
2.405405405405405261e+00
2.472972972972972805e+00
2.540540540540540349e+00
2.608108108108107892e+00
2.675675675675675436e+00
2.743243243243243423e+00
2.810810810810810967e+00
2.878378378378378510e+00
2.945945945945946054e+00
3.013513513513513598e+00
3.081081081081081141e+00
3.148648648648648685e+00
3.216216216216216228e+00
3.283783783783783772e+00
3.351351351351351315e+00
3.418918918918919303e+00
3.486486486486486847e+00
3.554054054054054390e+00
3.621621621621621934e+00
3.689189189189189477e+00
3.756756756756757021e+00
3.824324324324324564e+00
3.891891891891892108e+00
3.959459459459459651e+00
4.027027027027027195e+00
4.094594594594594739e+00
4.162162162162162282e+00
4.229729729729729826e+00
4.297297297297297369e+00
4.364864864864864913e+00
4.432432432432432456e+00
4.500000000000000000e+00
4.567567567567567544e+00
4.635135135135135087e+00
4.702702702702702631e+00
4.770270270270270174e+00
4.837837837837838606e+00
4.905405405405405261e+00
4.972972972972973693e+00
5.040540540540540349e+00
5.108108108108108780e+00
5.175675675675675436e+00
5.243243243243243867e+00
5.310810810810810523e+00
5.378378378378378954e+00
5.445945945945945610e+00
5.513513513513514042e+00
5.581081081081080697e+00
5.648648648648649129e+00
5.716216216216215784e+00
5.783783783783784216e+00
5.851351351351351759e+00
5.918918918918919303e+00
5.986486486486486847e+00
6.054054054054054390e+00
6.121621621621621934e+00
6.189189189189189477e+00
6.256756756756757021e+00
6.324324324324324564e+00
6.391891891891892108e+00
6.459459459459459651e+00
6.527027027027027195e+00
6.594594594594594739e+00
6.662162162162162282e+00
6.729729729729729826e+00
6.797297297297297369e+00
6.864864864864864913e+00
6.932432432432432456e+00
7.000000000000000000e+00
