2.022152987672600943e+01
5.518022938203188943e+01
9.102911977877428740e+01
1.270659901615432261e+02
1.631699792609888959e+02
1.993052396171270004e+02
2.354575378348876029e+02
2.716201260957489012e+02
3.077893995891059831e+02
3.439632594146313522e+02
3.801404012783690405e+02
4.163199722580354774e+02
4.525013912203627342e+02
4.886842486098182690e+02
5.248682475094915389e+02
5.610531674253934398e+02
5.972388411942040420e+02
6.334251397842082270e+02
6.696119620123764662e+02
7.057992274178368461e+02
7.419868712166829710e+02
7.781748406620174592e+02
8.143630923729514279e+02
8.505515903444722881e+02
8.867403044439801079e+02
9.229292092611060525e+02
9.591182832176255033e+02
9.953075078713507082e+02
1.031496867366413653e+03
1.067686347995245569e+03
1.103875937846639772e+03
1.140065626520790829e+03
1.176255404896895698e+03
1.212445264942340373e+03
1.248635199555043982e+03
1.284825202432423794e+03
1.321015267961876361e+03
1.357205391128763495e+03
1.393395567438717308e+03
1.429585792851728002e+03
1.465776063725969379e+03
1.501966376769727958e+03
1.538156729000083260e+03
1.574347117707256530e+03
1.610537540423722930e+03
1.646727994897345070e+03
1.682918479067907583e+03
1.719108991046530718e+03
1.755299529097526602e+03
1.791490091622305499e+03
1.827680677145012851e+03
1.863871284299574654e+03
1.900061911817879263e+03
1.936252558518787282e+03
1.972443223297647364e+03
2.008633905115924790e+03
2.044824602990394396e+03
2.081015315981118420e+03
2.117206043176940057e+03
2.153396783676347695e+03
2.189587536559838554e+03
2.225778300846339334e+03
2.261969075418435750e+03
2.298159858882600020e+03
2.334350649282218001e+03
2.370541443438009992e+03
2.406732235191340351e+03
2.442923009629517765e+03
2.479113716448514424e+03
2.515304026334995797e+03
