2.999999999999999889e-01
3.285714285714285698e-01
3.571428571428571508e-01
3.857142857142856762e-01
4.142857142857142572e-01
4.428571428571428381e-01
4.714285714285714191e-01
5.000000000000000000e-01
5.285714285714285809e-01
5.571428571428571619e-01
5.857142857142856318e-01
6.142857142857143238e-01
6.428571428571427937e-01
6.714285714285714857e-01
6.999999999999999556e-01
7.285714285714285365e-01
7.571428571428571175e-01
7.857142857142856984e-01
8.142857142857142794e-01
8.428571428571427493e-01
8.714285714285714413e-01
8.999999999999999112e-01
9.285714285714286031e-01
9.571428571428570731e-01
9.857142857142857650e-01
1.014285714285714235e+00
1.042857142857142927e+00
1.071428571428571397e+00
1.099999999999999867e+00
1.128571428571428559e+00
1.157142857142857029e+00
1.185714285714285721e+00
1.214285714285714191e+00
1.242857142857142883e+00
1.271428571428571352e+00
1.300000000000000044e+00
1.328571428571428514e+00
1.357142857142857206e+00
1.385714285714285676e+00
1.414285714285714368e+00
1.442857142857142838e+00
1.471428571428571530e+00
1.500000000000000000e+00
1.528571428571428470e+00
1.557142857142857162e+00
1.585714285714285632e+00
1.614285714285714324e+00
1.642857142857142794e+00
1.671428571428571486e+00
1.699999999999999956e+00
