4.518548898398411229e-01
7.480777846586527113e-01
9.411574954267628579e-01
1.091695432342505212e+00
1.228708476754409862e+00
1.360888811739095372e+00
1.491582048687486894e+00
1.622373291082164437e+00
1.754219602322067750e+00
1.888020821522850889e+00
2.025301730321804605e+00
2.169180935521711984e+00
2.325495969616503622e+00
2.501667595694956336e+00
2.703667039697600138e+00
2.940530942746093501e+00
0.000000000000000000e+00
0.000000000000000000e+00
0.000000000000000000e+00
0.000000000000000000e+00
