3.775226099485618630e-02
6.347617721220889797e-02
8.664823096378067302e-02
9.943509017705086384e-02
1.062285845518173288e-01
1.096518256106449318e-01
1.109077222386393446e-01
1.105780331134201405e-01
1.088689683532326063e-01
1.056737033419876681e-01
1.005223842720681798e-01
9.261206538141866784e-02
8.125397628722469401e-02
6.743859546735483934e-02
5.357371623410318168e-02
4.084344170140893904e-02
0.000000000000000000e+00
0.000000000000000000e+00
0.000000000000000000e+00
0.000000000000000000e+00
