5.208765670945506021e-02
7.921985934682237995e-02
1.005668906954530345e-01
1.125954399128792638e-01
1.193243798874494277e-01
1.229239160600539005e-01
1.244176829098296161e-01
1.243016714558542457e-01
1.227562409981271530e-01
1.196965772842563114e-01
1.147823854439208729e-01
1.073295353597906593e-01
9.666625963126646015e-02
8.308198315369290377e-02
6.838008044755491954e-02
5.413946586568952474e-02
3.429857618388973960e+161
8.965989908042571166e+276
7.708806576726258541e+218
9.076590240829659215e+223
