7.030904724906358871e-02
7.445888733293555550e-02
7.765214320173439988e-02
7.961755999911432347e-02
8.236992928576133965e-02
8.450677408132505064e-02
8.639917710372822801e-02
8.808130320358760479e-02
8.957985187572285735e-02
9.091557982051971798e-02
9.210557883837543203e-02
9.316369149471812050e-02
9.409919474552511098e-02
9.492177403358173504e-02
9.563888959585302441e-02
9.625547290356556429e-02
9.677710188246106682e-02
9.720752025912329786e-02
9.754906710024374705e-02
9.780624072987495476e-02
9.797834316617008710e-02
9.806878208285824128e-02
9.807659884703945341e-02
9.800251895038154804e-02
9.784533195290957830e-02
9.760564248062821024e-02
9.728237257499799950e-02
9.687146114642346262e-02
9.637099273101357166e-02
9.577744754335018595e-02
9.508621460856597762e-02
9.429160477346720803e-02
9.338675287521018553e-02
9.236327821172976571e-02
9.121113636568937977e-02
8.991838537205619486e-02
8.847093227637611856e-02
8.685187716510425759e-02
8.504135381959460060e-02
8.293711237327983099e-02
8.072083712157189506e-02
7.742126294264829733e-02
7.551777052483243935e-02
7.208894450207332938e-02
6.902658984440279699e-02
6.445100979326577606e-02
5.879905692052331267e-02
5.404195076667361874e-02
4.827943160575453446e-02
4.184394282152465588e-02
