1.000000000000000021e-02
3.689189189189188978e-02
6.378378378378378455e-02
9.067567567567566544e-02
1.175675675675675602e-01
1.444594594594594550e-01
1.713513513513513498e-01
1.982432432432432445e-01
2.251351351351351393e-01
2.520270270270270063e-01
2.789189189189189011e-01
3.058108108108107959e-01
3.327027027027026906e-01
3.595945945945945854e-01
3.864864864864864802e-01
4.133783783783783750e-01
4.402702702702702697e-01
4.671621621621621645e-01
4.940540540540540593e-01
5.209459459459458985e-01
5.478378378378377933e-01
5.747297297297296881e-01
6.016216216216215829e-01
6.285135135135134776e-01
6.554054054054053724e-01
6.822972972972972672e-01
7.091891891891891619e-01
7.360810810810810567e-01
7.629729729729729515e-01
7.898648648648648463e-01
8.167567567567567410e-01
8.436486486486486358e-01
8.705405405405405306e-01
8.974324324324324254e-01
9.243243243243243201e-01
9.512162162162162149e-01
9.781081081081081097e-01
1.004999999999999893e+00
1.031891891891891788e+00
1.058783783783783683e+00
1.085675675675675578e+00
1.112567567567567473e+00
1.139459459459459367e+00
1.166351351351351262e+00
1.193243243243243157e+00
1.220135135135135052e+00
1.247027027027026946e+00
1.273918918918918841e+00
1.300810810810810736e+00
1.327702702702702631e+00
1.354594594594594525e+00
1.381486486486486420e+00
1.408378378378378315e+00
1.435270270270270210e+00
1.462162162162162105e+00
1.489054054054053999e+00
1.515945945945945894e+00
1.542837837837837789e+00
1.569729729729729684e+00
1.596621621621621578e+00
1.623513513513513473e+00
1.650405405405405368e+00
1.677297297297297263e+00
1.704189189189189158e+00
1.731081081081081052e+00
1.757972972972972947e+00
1.784864864864864842e+00
1.811756756756756737e+00
1.838648648648648631e+00
1.865540540540540526e+00
1.892432432432432421e+00
1.919324324324324316e+00
1.946216216216216210e+00
1.973108108108108105e+00
2.000000000000000000e+00
