1.192802157611225211e-01
1.181683444535609057e-01
1.178413466846643110e-01
1.120843890654955322e-01
1.120344549302913217e-01
1.116731118814118101e-01
1.110909518988044825e-01
1.103469922723180063e-01
1.094815047414957887e-01
1.085229417140346903e-01
1.074919513738258753e-01
1.064038391673162581e-01
1.052701459519076177e-01
1.040996972903824314e-01
1.047680091763658478e-01
1.034404683646425599e-01
1.012538728874046584e-01
1.011301980601855138e-01
9.950226400157950735e-02
9.830423185608860859e-02
9.844768321892927165e-02
9.725125809513858466e-02
9.638557852029314144e-02
9.553746485907584074e-02
9.470716984127500182e-02
9.389487869494284045e-02
9.310072209188606507e-02
9.232478665548196628e-02
9.156712350890387764e-02
9.082775524275868428e-02
9.010668160393524306e-02
8.940388414698401121e-02
8.871933004175808213e-02
8.716461985128105827e-02
8.654028081970933928e-02
8.593277970057618120e-02
8.534214775867675351e-02
8.476840328892382148e-02
8.415214590098120395e-02
8.350065079858680350e-02
8.286136990547325609e-02
8.223420743102709263e-02
8.161908079645419090e-02
8.101592124318982013e-02
8.042467435257495689e-02
7.984530049367560833e-02
7.927777521388022774e-02
7.872208958512352805e-02
7.817825051718481355e-02
7.764628104844401024e-02
7.712622062369872689e-02
7.602470115000709017e-02
7.553939120086687609e-02
7.513307201420278691e-02
7.459810570287314646e-02
7.406928379936952855e-02
7.354629249178576411e-02
7.302881239048064632e-02
7.251651789589662334e-02
7.201752416599750684e-02
7.153444028249900111e-02
7.105826154385815052e-02
7.058885276577842038e-02
7.012608209560322603e-02
6.984643478561347596e-02
6.939894200692311999e-02
6.895746997114525489e-02
6.852189367013832022e-02
6.809209147080753921e-02
6.766794501340656076e-02
6.724933911239605600e-02
6.683616165993330749e-02
6.642830353203772742e-02
6.602565849745364868e-02
6.562812312921199875e-02
