1.000000000000000000e+00
3.649688644688642292e-01
2.115550847457625949e-01
1.120896050670640437e-01
1.152428160919539701e-01
1.172220533208605392e-01
1.175491919768736765e-01
1.170134828702728280e-01
1.165222355327909520e-01
1.160678594848497669e-01
1.156446964032973451e-01
1.152483943023333152e-01
1.148755205114956046e-01
1.145233107038796105e-01
1.141894997122377409e-01
1.138722037327692255e-01
1.135698360329326639e-01
1.132810452015658581e-01
1.130046689825622841e-01
1.127396991385509611e-01
1.124852542849980874e-01
1.122405585904658193e-01
1.120049248655025642e-01
1.117777409833597274e-01
1.115584588639276648e-01
1.113465854534363420e-01
1.111416752752223264e-01
1.109433242296448130e-01
1.107511643964286530e-01
1.105648596482737278e-01
1.103841019261682238e-01
1.102086080584679106e-01
1.100381170296844680e-01
1.210152877893605344e-01
1.205299098309416672e-01
1.200671927573807723e-01
1.196254316068668666e-01
1.192030962954432893e-01
1.187988093276425433e-01
1.184113268600843205e-01
1.181863189711479106e-01
1.181959943910470268e-01
1.182022230673190344e-01
1.182051251437672007e-01
1.182048148461397746e-01
1.182014009027673590e-01
1.181949869243486828e-01
1.181856717479258662e-01
1.181735497492950315e-01
1.181587111274311624e-01
1.181412421643275173e-01
1.181212254627497932e-01
1.180987401644001955e-01
1.180738621505007940e-01
1.180466642266530808e-01
1.180172162935103769e-01
1.179855855046795243e-01
1.179518364130094504e-01
1.179160311066910077e-01
1.178782293352828442e-01
1.178384886276478416e-01
1.177968644017569622e-01
1.177534100670756534e-01
1.177081771208612071e-01
1.176612152378725684e-01
1.119242027644843929e-01
1.119596296978352112e-01
1.119909223785582886e-01
1.120182356204049851e-01
1.120417163520199960e-01
1.120615041378402454e-01
1.120777316507483023e-01
1.120905251183380164e-01
1.121000047280856365e-01
1.121062849952021018e-01
