1.630966925030184062e-02
1.541393911107387729e-02
7.862687617013711106e-03
7.583030187064256598e-03
7.347260212460947695e-03
7.143079278103529016e-03
6.962621274617834984e-03
6.800567968033431610e-03
6.653168185739591345e-03
6.517686268821351429e-03
4.739825815864210853e-03
4.770696576885427934e-03
4.793343706311557241e-03
4.809065168673996166e-03
4.818910742438093676e-03
4.823740446600011285e-03
4.824266652756118053e-03
4.821085088826698728e-03
4.814698095288400502e-03
4.805532361284382999e-03
4.793952651789503208e-03
4.780272572928169657e-03
4.764763114950469267e-03
4.747659504223440338e-03
4.729166752118338889e-03
4.697059401595182412e-03
4.657375059090817365e-03
4.617130254381548483e-03
4.576468232838307865e-03
4.535511776778682058e-03
4.494366413695359726e-03
4.453123045330186457e-03
4.411860116117870614e-03
4.370645412604491631e-03
4.329537565200514485e-03
4.288587308269272043e-03
4.247838542807871876e-03
4.207329236930862186e-03
4.167092192349583155e-03
4.127155699553096413e-03
4.186909028198048874e-03
4.151066890598600206e-03
4.115794637311018939e-03
4.081080742582958616e-03
4.046914249086657964e-03
4.013284666318333617e-03
3.980181890283079199e-03
3.947596140010980505e-03
3.915517907712251153e-03
4.500091125335455890e-03
4.457422269180241411e-03
4.415660794034937699e-03
4.374774767130214063e-03
4.334734054767975554e-03
4.295510167646595170e-03
4.257076123748833492e-03
4.219406326448188992e-03
4.182476455837221344e-03
4.146263371573751660e-03
4.110745025786780547e-03
4.075900384790579964e-03
4.041709358535389846e-03
4.008152736837139983e-03
3.975212131662953646e-03
3.942869924644929955e-03
3.911109219377674300e-03
3.879913797830901630e-03
3.849268080509306994e-03
3.819157089924997243e-03
3.789566417037554952e-03
3.760482190353846722e-03
3.731891047416697072e-03
3.703780108444294610e-03
3.676136951909202057e-03
3.648949591870980034e-03
