1.000000000000000021e-03
1.000000000000000021e-03
1.000000000000000021e-03
1.000000000000000021e-03
8.797293355876247001e-02
8.509514594900406681e-02
8.272858419601916702e-02
8.072583231300642370e-02
7.899437481319387944e-02
7.747250551852646883e-02
4.026438940960992002e-02
4.013843198070072421e-02
3.949466032011745426e-02
3.890573848351408515e-02
3.836355429070953393e-02
3.786163171911341441e-02
3.739472303764027061e-02
3.695851989037809981e-02
3.654944412977310930e-02
3.616449345561261602e-02
3.580112554745119163e-02
3.545716976170447399e-02
1.806537945610216245e-02
1.791013795664354175e-02
1.776215578897486283e-02
1.762081544826820528e-02
1.748557291932041971e-02
1.735594661344979500e-02
1.723150829672747547e-02
1.711187559625838850e-02
1.699670576763568849e-02
1.688569047830193112e-02
1.677855141526416946e-02
1.667503656634567247e-02
1.657491705528698830e-02
1.647798443503854793e-02
1.638404836225924519e-02
1.629293459067115632e-02
1.620448323246857780e-02
1.611854724614577433e-02
1.603499111644948391e-02
1.595368969801755007e-02
1.587452719913945084e-02
1.579739628577674429e-02
1.572219728932259392e-02
1.564883750407838892e-02
1.557723056260433211e-02
1.550729587887904326e-02
1.543895815067882968e-02
1.537214691383243133e-02
1.530679614202985414e-02
1.524284388678439316e-02
1.518023195276827463e-02
8.059452802280811165e-03
8.029406650592596506e-03
7.999953227692601504e-03
7.971069607474175894e-03
7.942734131854022397e-03
7.914926320077730892e-03
7.887626785918495226e-03
7.860817161969778713e-03
7.834480030314026899e-03
7.808598858940083050e-03
7.783157943357298277e-03
7.758142352900385987e-03
7.733537881287687321e-03
7.709331001045571438e-03
7.685508821397856599e-03
7.662059049423373958e-03
7.638969954038137347e-03
7.616230332668333727e-03
7.593829480336268881e-03
7.571757160960202772e-03
7.550003580683026412e-03
7.528559363058998435e-03
