1.000000000000000000e+00
1.310810810810810745e+00
1.621621621621621490e+00
1.932432432432432456e+00
2.243243243243242979e+00
2.554054054054053946e+00
2.864864864864864913e+00
3.175675675675675436e+00
3.486486486486486402e+00
3.797297297297297369e+00
4.108108108108107892e+00
4.418918918918919303e+00
4.729729729729729826e+00
5.040540540540540349e+00
5.351351351351350871e+00
5.662162162162162282e+00
5.972972972972972805e+00
6.283783783783783328e+00
6.594594594594594739e+00
6.905405405405405261e+00
7.216216216216215784e+00
7.527027027027027195e+00
7.837837837837837718e+00
8.148648648648649129e+00
8.459459459459459651e+00
8.770270270270270174e+00
9.081081081081080697e+00
9.391891891891891220e+00
9.702702702702701743e+00
1.001351351351351404e+01
1.032432432432432456e+01
1.063513513513513509e+01
1.094594594594594561e+01
1.125675675675675613e+01
1.156756756756756666e+01
1.187837837837837718e+01
1.218918918918918948e+01
1.250000000000000000e+01
1.281081081081081052e+01
1.312162162162162105e+01
1.343243243243243157e+01
1.374324324324324209e+01
1.405405405405405439e+01
1.436486486486486491e+01
1.467567567567567544e+01
1.498648648648648596e+01
1.529729729729729648e+01
1.560810810810810700e+01
1.591891891891891930e+01
1.622972972972972983e+01
1.654054054054054035e+01
1.685135135135135087e+01
1.716216216216216139e+01
1.747297297297297192e+01
1.778378378378378244e+01
1.809459459459459296e+01
1.840540540540540349e+01
1.871621621621621401e+01
1.902702702702702808e+01
1.933783783783783861e+01
1.964864864864864913e+01
1.995945945945945965e+01
2.027027027027027017e+01
2.058108108108108070e+01
2.089189189189189122e+01
2.120270270270270174e+01
2.151351351351351227e+01
2.182432432432432279e+01
2.213513513513513331e+01
2.244594594594594383e+01
2.275675675675675436e+01
2.306756756756756843e+01
2.337837837837837895e+01
2.368918918918918948e+01
2.400000000000000000e+01
