1.000000000000000000e+00
3.649688644688642292e-01
2.044576622382660025e-01
2.013131336639117086e-01
9.992837006778297615e-02
9.891653515083763393e-02
9.805424950979536869e-02
9.730194885254621340e-02
4.881708548239725026e-02
4.851675798852327082e-02
4.824377064514310393e-02
4.799351342805912440e-02
4.776247090076165408e-02
4.754789826987783352e-02
4.734760961807327889e-02
4.715983456624527059e-02
4.698311835275617576e-02
4.681625039637192509e-02
4.665821209150716742e-02
4.650813791854836038e-02
4.636528597766539223e-02
4.622901532313600237e-02
4.609876829133501691e-02
4.597405655325263740e-02
4.585444998434295982e-02
4.573956769287390589e-02
4.562907072138331493e-02
4.552265605890251643e-02
4.542005169018289990e-02
4.532101247280292261e-02
4.522531668075025629e-02
4.513276308872860021e-02
4.504316849835960507e-02
4.495636562796057056e-02
4.487220130335277390e-02
4.479053489941342558e-02
4.471123699163634391e-02
4.463418818452332543e-02
4.455927808960623987e-02
4.448640443066474021e-02
4.441547225758339656e-02
4.434639325333274845e-02
4.427908512114491629e-02
4.421347104097814867e-02
4.414947918607278060e-02
4.408704229179728762e-02
4.402609727014233226e-02
4.396658486419225548e-02
4.390844933767514002e-02
4.385163819548371089e-02
4.379610193144011648e-02
4.374179380025808306e-02
4.368866961094487050e-02
4.363668753928101607e-02
4.358580795730668256e-02
4.353599327800084656e-02
4.348720781356217591e-02
4.343941764588945403e-02
4.339259050802605350e-02
4.334669567547488889e-02
4.330170386641631064e-02
4.325758714998424737e-02
4.321431886174179060e-02
4.317187352591035643e-02
4.313022678342950944e-02
4.308935532553805070e-02
4.304923683229620185e-02
4.300984991562408627e-02
4.297117406646541737e-02
4.293318960572074100e-02
4.289587763863096648e-02
4.285922001232371492e-02
4.282319927625977130e-02
4.278779864534557748e-02
4.275300196549621651e-02
