4.464834879714366794e-02
4.388717161795883254e-02
4.330484018418166714e-02
4.284158365987775913e-02
4.246327297004778151e-02
4.214835559741292315e-02
4.188225662576606362e-02
4.165463020256648941e-02
4.145786603528160003e-02
4.128621206727498688e-02
3.870101641223516742e-02
3.873842466031442167e-02
3.876772995737633176e-02
3.874868123235739731e-02
3.845061897487226515e-02
3.814118871584520898e-02
3.782237920984313218e-02
3.749587992062672348e-02
3.716313255781547586e-02
3.827351307080358728e-02
3.786942803534572993e-02
3.746745738311758195e-02
3.706777850486174530e-02
3.667055585117642152e-02
3.627593887418319868e-02
3.598901653710348536e-02
3.572251641076123335e-02
3.545821233413990609e-02
3.519633961941847494e-02
3.493709984225288473e-02
3.468066505859136034e-02
3.442718147086287761e-02
3.417677262184900394e-02
3.392954218237563546e-02
3.368557638883694361e-02
3.344494617811741982e-02
3.320770906041493886e-02
3.297391076454497805e-02
3.274358668532484362e-02
3.251676315843870374e-02
3.229345858463636421e-02
3.207368442208768933e-02
3.185744606322318817e-02
3.164474361012126896e-02
3.075417292901004226e-02
3.056265660747867555e-02
3.037407697295064005e-02
3.018845339438770009e-02
3.000580000382109536e-02
2.982612632828082061e-02
2.964943785043135452e-02
2.947573650645094606e-02
2.930502112857844010e-02
2.913728783879825437e-02
2.896560111358267853e-02
2.876728333693098424e-02
2.857165490365332766e-02
2.837869194001142042e-02
2.818837036972200727e-02
2.800066603023577613e-02
2.781555477670178897e-02
2.763301257493907745e-02
2.745301558459341262e-02
2.727554023352930790e-02
2.710056328439481091e-02
2.692806189419786472e-02
2.675801366764513078e-02
2.659039670491636018e-02
2.642518964447862495e-02
2.626237170148446390e-02
2.610192270224290928e-02
2.594382311520512102e-02
2.578805407886644585e-02
2.563459742693731391e-02
2.548343571112566056e-02
