1.000000000000000000e+00 1.000000000000000000e+00 1.000000000000000000e+00 1.000000000000000000e+00 1.000000000000000000e+00 1.000000000000000000e+00 1.000000000000000000e+00 1.000000000000000000e+00 1.000000000000000000e+00 1.000000000000000000e+00 1.000000000000000000e+00 1.000000000000000000e+00 1.000000000000000000e+00 1.000000000000000000e+00 1.000000000000000000e+00
6.446911195392551752e-01 6.305240345937137558e-01 6.173506265037332907e-01 6.053511053321197766e-01 5.946045646839823728e-01 5.855622576081802588e-01 5.773216586398971506e-01 5.702742415287288535e-01 5.643505479130029867e-01 5.594768648104138098e-01 5.555778913538356178e-01 5.525988386598471580e-01 5.504953516299548877e-01 5.492407949205717621e-01 5.488236144383977777e-01
3.646585240217276591e-01 3.494701260920876629e-01 3.358104539745204731e-01 3.237435867117977040e-01 3.132311006631270378e-01 3.045926897533466349e-01 2.968843963989920010e-01 2.904116886788862262e-01 2.850544034130421123e-01 2.807027807173899103e-01 2.772573980642734637e-01 2.746462532558669456e-01 2.728136214058413112e-01 2.717249641126112114e-01 2.713636723791894578e-01
2.143417617043386347e-01 2.026925436412662929e-01 1.924402642081273485e-01 1.835585459346310566e-01 1.759536409127914480e-01 1.697981358020466958e-01 1.643727237930300566e-01 1.598666453405805099e-01 1.561710552239167493e-01 1.531916953550020721e-01 1.508470719124245796e-01 1.490785707369257085e-01 1.478416931288095704e-01 1.471086386092846920e-01 1.468656390498412900e-01
1.343977909573532414e-01 1.260447841556733006e-01 1.188004495556215373e-01 1.126053770741567567e-01 1.073604365367216845e-01 1.031569691932509303e-01 9.948007532830396848e-02 9.644710785203924885e-02 9.397372290481283141e-02 9.198889001016492817e-02 9.043269132211056993e-02 8.926226034559095468e-02 8.844540128536031165e-02 8.796195125680277005e-02 8.780180220210195841e-02
8.964884542179064886e-02 8.366429145500386966e-02 7.852505718527962031e-02 7.416757295137477168e-02 7.050522157751927532e-02 6.758889576230180107e-02 6.504961199618636281e-02 6.296387156345618907e-02 6.126881504224845898e-02 5.991236101676138820e-02 5.885119753379448870e-02 5.805445475524058374e-02 5.749909418292567520e-02 5.717067879173852452e-02 5.706193015885463460e-02
6.306366177186462085e-02 5.868960753891149656e-02 5.495787859298285893e-02 5.181123824868059252e-02 4.917876523681065370e-02 4.709109886724560656e-02 4.527822116202005059e-02 4.379291857652102549e-02 4.258829514475851591e-02 4.162587736105049369e-02 4.087393952988775669e-02 4.030992669731721378e-02 3.991706949343275246e-02 3.968485936238496520e-02 3.960798436412175244e-02
4.636038615218238124e-02 4.308026442374960491e-02 4.029371429652409131e-02 3.795228222325262857e-02 3.599904280612746532e-02 3.445401622502210909e-02 3.311435336386061440e-02 3.201837699478344429e-02 3.113054558646229791e-02 3.042187614736242135e-02 2.986858917185657852e-02 2.945380647760531892e-02 2.916500723899292241e-02 2.899434673014940345e-02 2.893785484001538261e-02
3.533488467916737902e-02 3.281091211783585676e-02 3.067256343429579021e-02 2.887969677634648000e-02 2.738665586354682019e-02 2.620752870752735691e-02 2.518590686805543058e-02 2.435080555795627114e-02 2.367473387542402136e-02 2.313535601004150857e-02 2.271440056432953020e-02 2.239891213988655025e-02 2.217929221818691621e-02 2.204952837595295159e-02 2.200657647460382838e-02
2.774155568335496397e-02 2.575273073496776866e-02 2.407064250853534898e-02 2.266217370130192699e-02 2.149042591676882108e-02 2.056593676232811030e-02 1.976519624080997142e-02 1.911092702605991095e-02 1.858141844046888938e-02 1.815906975167731752e-02 1.782950745289908767e-02 1.758254628036395525e-02 1.741064531305178131e-02 1.730908201920010672e-02 1.727546522477319685e-02
2.231931434209512982e-02 2.071869414502407192e-02 1.936634429646944336e-02 1.823483689343685307e-02 1.729401948707640774e-02 1.655215750894137305e-02 1.590963894448978871e-02 1.538474729108904593e-02 1.495999919302719826e-02 1.462123903882813977e-02 1.435691734117253322e-02 1.415885291832239858e-02 1.402099067718748718e-02 1.393953932360210077e-02 1.391257948958721583e-02
1.832633039550799620e-02 1.701406143907128674e-02 1.590600374316894494e-02 1.497926987305116253e-02 1.420891943255954241e-02 1.360167306187946151e-02 1.307569870270812278e-02 1.264603407443482853e-02 1.229834986428741256e-02 1.202105216141645741e-02 1.180468563648396849e-02 1.164255380747998732e-02 1.152970105661975907e-02 1.146302502341493314e-02 1.144095551021999564e-02
1.530757187355429386e-02 1.421420584497925382e-02 1.329127688252257009e-02 1.251951389353291727e-02 1.187803802933970303e-02 1.137246385192498994e-02 1.093448076143619004e-02 1.057668131222581562e-02 1.028713602964327102e-02 1.005619578392061113e-02 9.875992330614575751e-03 9.740953667434255545e-03 9.646956301728739150e-03 9.591419174543279469e-03 9.573036319366420507e-03
1.297331870280580765e-02 1.204944349374652453e-02 1.126968449077990660e-02 1.061766313678802649e-02 1.007570041432001920e-02 9.648584304406453149e-03 9.278492339679282261e-03 8.976128402371295889e-03 8.731422862847434962e-03 8.536231583530260597e-03 8.383913189009963712e-03 8.269764575488133471e-03 8.190304976151766003e-03 8.143355905221005483e-03 8.127815430650222120e-03
1.113290308806106320e-02 1.034260142826504310e-02 9.675584133406082282e-03 9.117803112028539936e-03 8.654130042860995464e-03 8.288713425484229083e-03 7.972011064350477405e-03 7.713236927020031969e-03 7.503787239573876840e-03 7.336702949647048132e-03 7.206308155214309966e-03 7.108583345489740898e-03 7.040553298938777120e-03 7.000356127464219848e-03 6.987050330193550311e-03
9.657115785851716136e-03 8.973758427086770545e-03 8.396961315806887247e-03 7.914570231705973097e-03 7.513514035978530702e-03 7.197432546934063279e-03 6.923424523371947414e-03 6.699507305523209541e-03 6.518250251755311649e-03 6.373642217081799261e-03 6.260779292781603819e-03 6.176188485270948415e-03 6.117298710680481658e-03 6.082501135604046795e-03 6.070982461090695947e-03
8.456093309274397354e-03 7.859577193611924639e-03 7.356018926684144109e-03 6.934817390250236011e-03 6.584579382376471758e-03 6.308530944880098336e-03 6.069172344678539464e-03 5.873544913955671201e-03 5.715169928711386418e-03 5.588805178675231369e-03 5.490172910991679422e-03 5.416243371196889471e-03 5.364773242090869684e-03 5.334358898520059553e-03 5.324290976595783161e-03
7.465878230257455041e-03 6.940775575516084164e-03 6.497435405590857964e-03 6.126541822116155639e-03 5.818084836656205530e-03 5.574947770674610302e-03 5.364079741922402750e-03 5.191715297459055176e-03 5.052157806221333446e-03 4.940796737120433171e-03 4.853868730272780513e-03 4.788708146128179896e-03 4.743340939758173593e-03 4.716532053218800737e-03 4.707657476340059051e-03
6.640005088285349556e-03 6.174298067303000785e-03 5.781039367466138217e-03 5.451985981464299927e-03 5.178279526350753822e-03 4.962515222171180566e-03 4.775347813485921952e-03 4.622337089989755031e-03 4.498436242762259701e-03 4.399559589648958068e-03 4.322371214463860932e-03 4.264508047585899818e-03 4.224219824390246583e-03 4.200411561808618972e-03 4.192530156979880351e-03
5.944089457030732326e-03 5.528288793208734064e-03 5.177111017975566214e-03 4.883216254364260676e-03 4.638713741060783956e-03 4.445953515587863954e-03 4.278708227748564789e-03 4.141967470798355901e-03 4.031229863976636650e-03 3.942850296286825283e-03 3.873851718898434476e-03 3.822125098004144298e-03 3.786108076611052840e-03 3.764823281694928709e-03 3.757777129798459213e-03
5.352262736957715331e-03 4.978782835486738126e-03 4.663292200986199343e-03 4.399217175334145177e-03 4.179486956609053741e-03 4.006240754037373661e-03 3.855898631570282582e-03 3.732963898592893837e-03 3.633397206237018364e-03 3.553926706208548024e-03 3.491879454638079604e-03 3.445361698841685992e-03 3.412970344904145154e-03 3.393827693531741452e-03 3.387490590444484483e-03
4.844770752455609952e-03 4.507479391170880409e-03 4.222507984008187776e-03 3.983937731025849992e-03 3.785398123795570731e-03 3.628845474401771239e-03 3.492966389839244779e-03 3.381846037202350993e-03 3.291839734918003153e-03 3.219994535089119609e-03 3.163897369791363913e-03 3.121838468129255889e-03 3.092550864077522974e-03 3.075242047002794184e-03 3.069511952427566529e-03
4.406323528506147884e-03 4.100212379800335059e-03 3.841539789805093440e-03 3.624950494984798856e-03 3.444676416477030195e-03 3.302513981862838406e-03 3.179104865177849806e-03 3.078172014815443690e-03 2.996410446225047930e-03 2.931141753091555217e-03 2.880176650798235531e-03 2.841963808822489754e-03 2.815353508404784023e-03 2.799626607380136575e-03 2.794420143391102094e-03
4.024940385123348431e-03 3.745880531993382116e-03 3.510027478676606364e-03 3.312514023250168194e-03 3.148093798370810246e-03 3.018422524976023796e-03 2.905839838042984739e-03 2.813752803794647688e-03 2.739150858228818833e-03 2.679593598828039318e-03 2.633085791626901470e-03 2.598213505406659490e-03 2.573928713246804566e-03 2.559575903797076373e-03 2.554824285252622548e-03
3.691128087779371129e-03 3.435686230048957176e-03 3.219759526118384958e-03 3.038905995449842513e-03 2.888333874896596449e-03 2.769574319858103453e-03 2.666450881265337945e-03 2.582093469757660870e-03 2.513748328677029714e-03 2.459182702861818521e-03 2.416570702454547050e-03 2.384618310743324109e-03 2.362366264872427235e-03 2.349214592163643284e-03 2.344860574114478007e-03
3.397287002143488215e-03 3.162585609733826672e-03 2.964160258231607076e-03 2.797941501519284838e-03 2.659535973670772678e-03 2.550363968066090767e-03 2.455553352774581758e-03 2.377989505271502647e-03 2.315143981434742045e-03 2.264966251585897282e-03 2.225779075708128781e-03 2.196393705628081183e-03 2.175928812406780453e-03 2.163833183370825457e-03 2.159828741896966959e-03
3.137275933373510992e-03 2.920885640790625223e-03 2.737914151025664777e-03 2.584620086853502835e-03 2.456961075352777531e-03 2.356258271447351973e-03 2.268792071139548189e-03 2.197230997829654510e-03 2.139245355151586214e-03 2.092945392964143565e-03 2.056785059768986412e-03 2.029668517364611752e-03 2.010783230858648966e-03 1.999621027233117708e-03 1.995925576689814348e-03
2.906089097778708028e-03 2.705945041700561805e-03 2.536686944389966638e-03 2.394863737612846349e-03 2.276743802062620656e-03 2.183559252665930994e-03 2.102613867949776859e-03 2.036382957912676039e-03 1.982713015647094394e-03 1.939856855745161150e-03 1.906384781475531755e-03 1.881283365138645535e-03 1.863801099909951405e-03 1.853467992233916476e-03 1.850046999928944705e-03
2.699613452508614359e-03 2.513949593200980222e-03 2.356916118954434109e-03 2.225320017800954103e-03 2.115706059543912086e-03 2.029226071325702582e-03 1.954096652641560371e-03 1.892620214982627643e-03 1.842800164453817008e-03 1.803016312468411122e-03 1.771942636032487620e-03 1.748639141636747869e-03 1.732408710280054775e-03 1.722815372418971900e-03 1.719639271301914114e-03
2.514444366775513400e-03 2.341741461318578438e-03 2.195651724814293507e-03 2.073212501502061725e-03 1.971215436554572993e-03 1.890739697056155856e-03 1.820819506193040605e-03 1.763601932566511267e-03 1.717230727043053511e-03 1.680199314372114771e-03 1.651274441130863710e-03 1.629581828948860247e-03 1.614473035714273285e-03 1.605542542182988126e-03 1.602585869493767037e-03
2.347744164749673238e-03 2.186688206839614013e-03 2.050434209169204811e-03 1.936225959193784048e-03 1.841076495153244879e-03 1.765999005544983177e-03 1.700762929648909480e-03 1.647375243765857944e-03 1.604105725526533801e-03 1.569549844802923741e-03 1.542557690408582908e-03 1.522314025068840755e-03 1.508214145134706245e-03 1.499879891500424016e-03 1.497120600522465744e-03
2.197132528075435454e-03 2.046581287166242616e-03 1.919199740139028530e-03 1.812417373506706227e-03 1.723446507462135686e-03 1.653240231748947121e-03 1.592231508838541122e-03 1.542300535463417234e-03 1.501830679839117949e-03 1.469509407018261028e-03 1.444261956145314902e-03 1.425326331230656815e-03 1.412137274999006580e-03 1.404341302874686408e-03 1.401760208581603103e-03
2.060600823674941726e-03 1.919556706383916201e-03 1.800206180929389901e-03 1.700146355094225544e-03 1.616769555375575929e-03 1.550973969311275321e-03 1.493793419761096529e-03 1.446992997767683822e-03 1.409058809167564909e-03 1.378761541810114618e-03 1.355094433022971693e-03 1.337343664096815469e-03 1.324979676100070244e-03 1.317671313896201643e-03 1.315251643095190085e-03
1.936444575010262334e-03 1.804032462076814430e-03 1.691974726050907932e-03 1.598020273679389607e-03 1.519724560068467373e-03 1.457935481427005079e-03 1.404232711238348865e-03 1.360276515066864917e-03 1.324646222946605258e-03 1.296188054250681622e-03 1.273956972392697529e-03 1.257282894758592496e-03 1.245668673300888690e-03 1.238803425480345527e-03 1.236530449195706247e-03
1.823209818695801154e-03 1.698658847810767362e-03 1.593243525884982092e-03 1.504850653825302344e-03 1.431183976095845578e-03 1.373045203863343996e-03 1.322511371573740048e-03 1.281147008220080707e-03 1.247616294009726724e-03 1.220834208312280037e-03 1.199911917376373987e-03 1.184219163493363406e-03 1.173288314013615002e-03 1.166826947459579039e-03 1.164687678549890726e-03
1.719650179251607349e-03 1.602278679848569533e-03 1.502930566913895797e-03 1.419618268648617553e-03 1.350180720928787891e-03 1.295377119361942322e-03 1.247738952055679924e-03 1.208743077066780011e-03 1.177131124762793944e-03 1.151880849368361326e-03 1.132154737112443365e-03 1.117358897268016550e-03 1.107052652362200797e-03 1.100960440251418223e-03 1.098943383152941027e-03
1.624692284156928302e-03 1.513895247188966906e-03 1.420103755798547696e-03 1.341445004075686757e-03 1.275881515719007623e-03 1.224133260465421879e-03 1.179148074525500443e-03 1.142322327705198133e-03 1.112468537073975491e-03 1.088621922104690250e-03 1.069991956387936465e-03 1.056018047728931849e-03 1.046284201724335559e-03 1.040530294130336637e-03 1.038625236541994377e-03
1.537407718284861677e-03 1.432646317919837901e-03 1.343956653097622958e-03 1.269571033549052146e-03 1.207565255248902163e-03 1.158623020168235689e-03 1.116074555482573453e-03 1.081242160292068735e-03 1.053003396602528435e-03 1.030446222419709136e-03 1.012823240949498570e-03 9.996044262294888436e-04 9.903964435136109780e-04 9.849533406439728821e-04 9.831511791796923843e-04
1.456990142438758726e-03 1.357782928774355254e-03 1.273788669559344257e-03 1.203336187890414544e-03 1.144605351290627808e-03 1.098246261464197503e-03 1.057941178267235568e-03 1.024944081905525620e-03 9.981923627737133726e-04 9.768224957624931440e-04 9.601267674993197972e-04 9.476032772986025783e-04 9.388795422297837451e-04 9.337226512950077282e-04 9.320152448147626598e-04
1.382736517540097227e-03 1.288651977987033837e-03 1.208988811218687310e-03 1.142164661715450429e-03 1.086455236508521594e-03 1.042479448924553799e-03 1.004244367554168798e-03 9.729408240645723771e-04 9.475613644853823903e-04 9.272871983179033868e-04 9.114472075103387900e-04 8.995654292125965191e-04 8.912886120676711318e-04 8.863958726939036867e-04 8.847759183202323283e-04
1.314031613838907665e-03 1.224681861646580291e-03 1.149022264703106417e-03 1.085552390509615358e-03 1.032636398422912905e-03 9.908641996916867350e-04 9.545431876166059247e-04 9.248057059990915513e-04 9.006952585050069732e-04 8.814343906359110468e-04 8.663858043096317072e-04 8.550975084963014644e-04 8.472340270425452726e-04 8.425855931712604528e-04 8.410465210011116351e-04
1.250335164456240931e-03 1.165370560282019121e-03 1.093419269404626634e-03 1.033056578315115709e-03 9.827284509886374808e-04 9.429977831643928179e-04 9.084502124057922730e-04 8.801638070211158368e-04 8.572292462765381590e-04 8.389073492778829390e-04 8.245921366839857125e-04 8.138538173591107483e-04 8.063733776391314315e-04 8.019513462202107782e-04 8.004872295240093990e-04
1.191171159739026243e-03 1.110275709384200230e-03 1.041765841548450986e-03 9.842869671842079549e-04 9.363608566039599785e-04 8.985251992357176122e-04 8.656239120353638331e-04 8.386846045992250908e-04 8.168417154459688611e-04 7.993915705220395410e-04 7.857572490786215438e-04 7.755295586513912681e-04 7.684047617103142731e-04 7.641929403498966007e-04 7.627984186636198012e-04
1.136118884224250440e-03 1.059006285053791692e-03 9.936960060874559190e-04 9.388985249574671125e-04 8.932059922126816967e-04 8.571325422055243266e-04 8.257622744240832426e-04 8.000758063759108411e-04 7.792482420118218957e-04 7.626089081421080773e-04 7.496078951647187254e-04 7.398551586826463246e-04 7.330611624476577768e-04 7.290448696373167834e-04 7.277150826382491975e-04
1.084805379418438825e-03 1.011215611332017981e-03 9.488852626296195554e-04 8.965852939608398098e-04 8.529733156801985955e-04 8.185414172400950084e-04 7.885974382095249126e-04 7.640781597772722082e-04 7.441965428409026825e-04 7.283126398524293436e-04 7.159016931524835601e-04 7.065914891114562094e-04 7.001057166049850069e-04 6.962716093230566800e-04 6.950021397651993168e-04
1.036899078933680319e-03 9.665954544091925633e-04 9.070450662913797073e-04 8.570751946052135653e-04 8.154044372817234598e-04 7.825042227582141652e-04 7.538911576948670616e-04 7.304610659991105396e-04 7.114622102004177807e-04 6.962832979484974861e-04 6.844230314021661080e-04 6.755258287237920177e-04 6.693277153668874147e-04 6.656636397732365986e-04 6.644504640662636302e-04
9.921044120984735641e-04 9.248710148114129082e-04 8.679181471853738812e-04 8.201256181112113021e-04 7.802689392438793723e-04 7.488001485455074782e-04 7.214309555611668782e-04 6.990188589395588369e-04 6.808450927867027097e-04 6.663251317387898541e-04 6.549795943580754296e-04 6.464684369440002734e-04 6.405392109722624202e-04 6.370340726653610057e-04 6.358735179284567569e-04
9.501572111964597112e-04 8.857966648135846095e-04 8.312745259691834733e-04 7.855196742743831119e-04 7.473608162939578570e-04 7.172317680904155210e-04 6.910268466272899424e-04 6.695676362670032042e-04 6.521662135970096846e-04 6.382630946305205668e-04 6.273994036301124618e-04 6.192496353723145417e-04 6.135721264089866308e-04 6.102157773180734044e-04 6.091044839398148314e-04
9.108207883922569796e-04 8.491523069502097606e-04 7.969081095841988463e-04 7.530629852867470279e-04 7.164954339441188553e-04 6.876221263633780240e-04 6.625085377650408516e-04 6.419425509010731872e-04 6.252651354847841561e-04 6.119402687518517726e-04 6.015282886977033755e-04 5.937173130163287934e-04 5.882757846770219007e-04 5.850589241522162953e-04 5.839938130498782817e-04
8.738825730043208373e-04 8.147402522816220207e-04 7.646337725730331311e-04 7.225809366169619503e-04 6.875069201686129098e-04 6.598122423611073838e-04 6.357230264596135105e-04 6.159954879817370905e-04 5.999977015630398756e-04 5.872156559403968147e-04 5.772277173644755829e-04 5.697347863173417683e-04 5.645147893975035374e-04 5.614288774604751482e-04 5.604071213644408120e-04
8.391512194663794258e-04 7.823825353052632015e-04 7.342848463760807444e-04 6.939163119464084170e-04 6.602459212838869117e-04 6.336589602261477779e-04 6.105325344203183305e-04 5.915930658485705866e-04 5.762340906894515124e-04 5.639622766956765626e-04 5.543729286249784787e-04 5.471789574295609238e-04 5.421672007802129595e-04 5.392043818254678867e-04 5.382233800227768103e-04
8.064541121419726427e-04 7.519185970607858687e-04 7.057109526877534652e-04 6.669272520218684280e-04 6.345776650277971465e-04 6.090330944054850922e-04 5.868127238396459149e-04 5.686149103697918676e-04 5.538571387807641631e-04 5.420655289652602602e-04 5.328513206883175738e-04 5.259387241524954466e-04 5.211229608058174506e-04 5.182759963120800450e-04 5.173333523723375009e-04
7.756352059368858132e-04 7.232032798193521045e-04 6.787761280046268305e-04 6.414854876785993417e-04 6.103802836811382526e-04 5.858178237293244208e-04 5.644511529446017469e-04 5.469521607035107919e-04 5.327608852019951073e-04 5.214217669370785086e-04 5.125610550540875103e-04 5.059136029534370494e-04 5.012825294366171896e-04 4.985447384703723794e-04 4.976382405508978941e-04
7.465531520231145348e-04 6.961050863559056388e-04 6.533571954663020247e-04 6.174748057224955762e-04 5.875433580671043368e-04 5.639072969353201839e-04 5.433459348273754312e-04 5.265061716711840400e-04 5.128493103750183385e-04 5.019370667513076492e-04 4.934098441536258987e-04 4.870125330421906196e-04 4.825557001305009011e-04 4.799209066083858031e-04 4.790485099965925220e-04
7.190796664366856401e-04 6.705046646330542568e-04 6.293423473989173244e-04 5.947897132349826577e-04 5.659666497791783751e-04 5.432054183951129898e-04 5.234045695290048946e-04 5.071873837100006029e-04 4.940352363762367085e-04 4.835261515416124480e-04 4.753138954655766833e-04 4.691528347809934864e-04 4.648605682012684165e-04 4.623230540317467942e-04 4.614828656336160948e-04
6.930981062239618745e-04 6.462934851320714918e-04 6.066299079527229026e-04 5.733342714909477750e-04 5.455589943203565436e-04 5.236247879008841706e-04 5.045429242503035377e-04 4.889143361081817749e-04 4.762393668982787317e-04 4.661114527155280529e-04 4.581969894326962719e-04 4.522593000690620403e-04 4.481226298822403500e-04 4.456770932354282302e-04 4.448673577614713757e-04
6.685022234889953941e-04 6.233726833297073468e-04 5.851272501393745560e-04 5.530210753032295838e-04 5.262373322184247908e-04 5.050857725615118948e-04 4.866843405919384189e-04 4.716128031207476911e-04 4.593894467358643273e-04 4.496222880825981403e-04 4.419896721383320790e-04 4.362633959222281558e-04 4.322739934959759708e-04 4.299155115582553436e-04 4.291345991940022646e-04
6.451950723761000050e-04 6.016520441597404721e-04 5.647498456274722576e-04 5.337703574203502953e-04 5.079258587964109381e-04 4.875156923158506408e-04 4.697588510481591614e-04 4.552150357755120808e-04 4.434195240789291434e-04 4.339941404907068424e-04 4.266285466973358071e-04 4.211025654229552770e-04 4.172526870588456438e-04 4.149766827195306004e-04 4.142230780975948191e-04
6.230880478961392521e-04 5.810491088903488180e-04 5.454204290095460064e-04 5.155092007607905199e-04 4.905552762695867923e-04 4.708481034336211538e-04 4.537024897297870516e-04 4.396590948389092002e-04 4.282693014821226888e-04 4.191680231582466782e-04 4.120556497975244202e-04 4.067196126629601255e-04 4.030020490722286092e-04 4.008042610660942999e-04 4.000765533821958844e-04
6.021000387226036268e-04 5.614883878319294015e-04 5.270682610402836841e-04 4.981708438893584943e-04 4.740621343263753560e-04 4.550221667530826098e-04 4.384566845779562169e-04 4.248882626213847644e-04 4.138835635287324479e-04 4.050899199898785733e-04 3.982179018898299346e-04 3.930621603342355380e-04 3.894701912658352517e-04 3.873466473601182574e-04 3.866435214968971974e-04
5.821566787647566550e-04 5.429006647764855103e-04 5.096284776683574847e-04 4.816940673270190816e-04 4.583882474228446395e-04 4.399820893877077967e-04 4.239677202359053956e-04 4.108505231448583640e-04 4.002116709988273908e-04 3.917102909147687035e-04 3.850666212447366866e-04 3.800821703199367676e-04 3.766095237378041822e-04 3.745565166073546695e-04 3.738767451480167858e-04
5.631896845667356188e-04 5.252223811486964739e-04 4.930415136263188291e-04 4.660226501134672556e-04 4.434801787536725112e-04 4.256766302926976407e-04 4.101862623401739366e-04 3.974981017361543670e-04 3.872071128502669267e-04 3.789836337510747309e-04 3.725570935310035031e-04 3.677355190552128211e-04 3.643763343410255911e-04 3.623903998221641239e-04 3.617328358515490248e-04
5.451362674615005312e-04 5.083950895926027868e-04 4.772525909722198406e-04 4.511048875752381561e-04 4.292887823165613586e-04 4.120586614737991064e-04 3.970669353301677649e-04 3.847870564037751922e-04 3.748271085789770755e-04 3.668680953297793470e-04 3.606481897798091436e-04 3.559816206185226163e-04 3.527304153440663699e-04 3.508083127977794109e-04 3.501718834016740020e-04
5.279386109900622952e-04 4.923649681849730751e-04 4.622112643473894880e-04 4.368931625425433282e-04 4.157687957107986912e-04 3.990847777920989185e-04 3.845679470007832852e-04 3.726769144440246874e-04 3.630322545835615918e-04 3.553251256457022611e-04 3.493020266135391828e-04 3.447830915161499460e-04 3.416347313874757048e-04 3.397734259369092520e-04 3.391571263218084065e-04
5.115434054308216644e-04 4.770823877043790014e-04 4.478710158716001175e-04 4.233435633470703429e-04 4.028784773434686403e-04 3.867149493070130145e-04 3.726507539730499331e-04 3.611303486415015532e-04 3.517862090530120799e-04 3.443191696770796185e-04 3.384836634762780866e-04 3.341054519686332690e-04 3.310551235941051862e-04 3.292517700307718621e-04 3.286546581960402610e-04
4.959014324129419138e-04 4.625015254326295708e-04 4.341888935758508568e-04 4.104155428547065737e-04 3.905792825910255062e-04 3.749122109364980636e-04 3.612797630621543648e-04 3.501128882069393382e-04 3.410554106528860380e-04 3.338173922546447056e-04 3.281608323292929739e-04 3.239168592241327546e-04 3.209600454014059591e-04 3.192119735799251921e-04 3.186331654827117589e-04
4.809671935456589424e-04 4.485800198541434127e-04 4.211251881037763201e-04 3.980716135694135969e-04 3.788355742059190331e-04 3.636423849237549921e-04 3.504220642050272813e-04 3.395926602557797886e-04 3.308088269275813497e-04 3.237894319889524758e-04 3.183036958913549349e-04 3.141878690318469780e-04 3.113203262859096077e-04 3.096250278489956292e-04 3.090636930095055674e-04
4.666985778104390178e-04 4.352786613751675115e-04 4.086431431196231243e-04 3.862770745101329014e-04 3.676143628893732218e-04 3.528738322041944666e-04 3.400471911908060311e-04 3.295401581929502410e-04 3.210177288830163818e-04 3.142071807990914054e-04 3.088846310285475500e-04 3.048912219262244730e-04 3.021089600627080321e-04 3.004640763570795830e-04 2.999194338580891571e-04
4.530565631580334650e-04 4.225611148299043287e-04 3.967086954637598340e-04 3.749997661305230008e-04 3.568850744901787102e-04 3.425772292821671963e-04 3.301269069333584677e-04 3.199280338489460837e-04 3.116554886805339561e-04 3.050445860419532759e-04 2.998780343460690704e-04 2.960016514144367698e-04 2.933009148802361585e-04 2.917042259405622099e-04 2.911755407804932105e-04
4.400049483468707837e-04 4.103936700923139385e-04 3.852902416124569761e-04 3.642098500370319152e-04 3.466193407501217999e-04 3.327253676681580954e-04 3.206350104492475283e-04 3.107309106226388193e-04 3.026973977719186397e-04 2.962774726313572378e-04 2.912601474176854262e-04 2.874957115375250511e-04 2.848729624049374607e-04 2.833223768972191318e-04 2.828089566608246209e-04
4.275101115686990270e-04 3.987450175852711213e-04 3.743584274407879878e-04 3.538796106772553775e-04 3.367908109117826072e-04 3.232929733054088514e-04 3.115471630682247937e-04 3.019252152380619454e-04 2.941205031476590986e-04 2.878833828709087051e-04 2.830088994170821648e-04 2.793516215997100751e-04 2.768035240113759024e-04 2.752970700396096680e-04 2.747982618544445206e-04
4.155407928451246725e-04 3.875860458851299365e-04 3.638859586674311275e-04 3.439832765283658690e-04 3.273749818439587430e-04 3.142565437400463230e-04 3.028407317159725561e-04 2.934890260248469046e-04 2.859034596647377002e-04 2.798414320120200358e-04 2.751037651978010764e-04 2.715491261389717703e-04 2.690725320692765785e-04 2.676083487601081581e-04 2.671235365105478722e-04
4.040678975556047424e-04 3.768896589696705949e-04 3.538474296873805815e-04 3.344968586236531246e-04 3.183490446324403734e-04 3.055942010688526638e-04 2.944946473781044822e-04 2.854019358925046217e-04 2.780263966736540044e-04 2.721321777963157723e-04 2.675256371117779508e-04 2.640693684520125750e-04 2.616613046566944583e-04 2.602376344462745648e-04 2.597662362199937942e-04
3.930643187827811947e-04 3.666306109594640148e-04 3.442191687809861953e-04 3.253980045212638604e-04 3.096917458363347632e-04 2.972855589405743772e-04 2.864892770869493198e-04 2.776449283936701685e-04 2.704707973831942266e-04 2.647375024555204104e-04 2.602567090666181885e-04 2.568947761939752205e-04 2.545524322337715186e-04 2.531676137893452473e-04 2.527090795339242556e-04
3.825047764423337494e-04 3.567853564639212943e-04 3.349790979320760287e-04 3.166658660494070933e-04 3.013832618285668141e-04 2.893116020958529338e-04 2.788063079737792779e-04 2.702002654660489995e-04 2.632193895907618069e-04 2.576405058270500115e-04 2.532803715035228647e-04 2.500089577526135140e-04 2.477296749891518381e-04 2.463821367052337896e-04 2.459359460749789604e-04
3.723656714084400111e-04 3.473319148697270528e-04 3.261066056996742252e-04 3.082809793618074951e-04 2.934050848285159026e-04 2.816545771121754826e-04 2.714286421035631814e-04 2.630513856115239803e-04 2.562560465702449553e-04 2.508254084039972915e-04 2.465811161354282085e-04 2.433966082521008120e-04 2.411778697251273646e-04 2.398661237405351086e-04 2.394317841157320528e-04
3.626249530576124602e-04 3.382497471060376729e-04 3.175824317717646731e-04 3.002251560105049090e-04 2.857399193992510907e-04 2.742978931777988725e-04 2.643403009608171470e-04 2.561828114174777857e-04 2.495656970519908213e-04 2.442774632776425862e-04 2.401444494218667430e-04 2.370434241767690000e-04 2.348828452813928459e-04 2.336054819690884835e-04 2.331825266317753701e-04
3.532619988379937653e-04 3.295196435919355103e-04 3.093885619896372943e-04 2.924813838939322483e-04 2.783715883249759980e-04 2.672260318557034245e-04 2.575263385870138412e-04 2.495800654529817990e-04 2.431342433536025078e-04 2.379828760519918536e-04 2.339568138762790415e-04 2.309360257226694365e-04 2.288313456137737163e-04 2.275870285004587626e-04 2.271750149524740252e-04
3.442575046318185309e-04 3.211236222208648200e-04 3.015081327709180398e-04 2.850337370697308991e-04 2.712849469091380139e-04 2.604244649182085175e-04 2.509727624850199151e-04 2.432295936837924465e-04 2.369484868285374525e-04 2.319287319157083312e-04 2.280055164054982614e-04 2.250618860874279380e-04 2.230109597458850544e-04 2.217984208227257532e-04 2.213969292332378341e-04
3.355933848190547383e-04 3.130448353671017796e-04 2.939253439813279615e-04 2.778672935366752195e-04 2.644658048427342032e-04 2.538795794373630401e-04 2.446664615065208162e-04 2.371186956473211622e-04 2.309960598940942911e-04 2.261029291493108742e-04 2.222786629719811214e-04 2.194092669985026522e-04 2.174100579004619523e-04 2.162280932902342113e-04 2.158367250612677106e-04
3.272526810730310787e-04 3.052674850133755614e-04 2.866253794119160434e-04 2.709680601906323295e-04 2.579008548877977937e-04 2.475786094076585391e-04 2.385951400263547708e-04 2.312354607138706361e-04 2.252653639831789299e-04 2.204941184264718422e-04 2.167650989489055765e-04 2.139671598584088111e-04 2.120177331948139710e-04 2.108651991442390982e-04 2.104835755838580522e-04
3.192194790264709769e-04 2.977767451987434004e-04 2.795943341120631369e-04 2.643229042476694123e-04 2.515776077047560447e-04 2.415095732577939849e-04 2.327472577847970617e-04 2.255687098350526542e-04 2.197455128368563731e-04 2.150916473392684161e-04 2.114543546079997280e-04 2.087252319542949011e-04 2.068237483530110921e-04 2.056995575221460138e-04 2.053273186159765599e-04
3.114788320408621138e-04 2.905586910736271487e-04 2.728191479107089541e-04 2.579194905048367344e-04 2.454843322258619702e-04 2.356612166786490551e-04 2.271119748465888976e-04 2.201079422458621299e-04 2.144262806184862760e-04 2.098855096395977357e-04 2.063365952412399220e-04 2.036737772396849657e-04 2.018184869472774881e-04 2.007216049705643716e-04 2.003584082432553987e-04
3.040166913952122929e-04 2.836002339261557985e-04 2.662875445305292084e-04 2.517462238772893860e-04 2.396100010415702500e-04 2.300229602565634205e-04 2.216791011850985382e-04 2.148432866445640040e-04 2.092980543863529389e-04 2.048662987438610293e-04 2.014025754714626856e-04 1.988036712493958301e-04 1.969929087337433113e-04 1.959223510297851672e-04 1.955678704888104077e-04
2.968198422834716259e-04 2.768890616120006556e-04 2.599879757634551052e-04 2.457921967104314664e-04 2.339442403237231157e-04 2.245848514556398571e-04 2.164390504525335278e-04 2.097654564253735923e-04 2.043517905111661250e-04 2.000251650963735263e-04 1.966435973544488995e-04 1.941063297555019719e-04 1.923385086941364701e-04 1.912933375034467527e-04 1.909472626583806816e-04
2.898758450745214676e-04 2.704135838799471593e-04 2.539095702321396896e-04 2.400471404187346511e-04 2.284772838597020619e-04 2.193375205409570767e-04 2.113827975434816721e-04 2.048657085837817763e-04 1.995789746684613157e-04 1.953537770296597160e-04 1.920514719169795557e-04 1.895736708136036759e-04 1.878472794359743248e-04 1.868266010679064829e-04 1.864886360189519222e-04
2.831729813457350259e-04 2.641628821385124878e-04 2.480420863116278426e-04 2.345013810497208260e-04 2.231999308161725006e-04 2.142721400771866098e-04 2.065018396000353230e-04 2.001358059540415360e-04 1.949715850745314938e-04 1.908442847975299239e-04 1.876184838124342531e-04 1.851980798852238678e-04 1.835116766400472137e-04 1.825146389118621044e-04 1.821845015019880247e-04
2.767002042516643594e-04 2.581266632558995447e-04 2.423758688294698992e-04 2.291457984130364114e-04 2.181035068903966901e-04 2.093803876748199849e-04 2.017881601430479923e-04 1.955679824734396597e-04 1.905220586686789540e-04 1.864892874902560711e-04 1.833373588083399427e-04 1.809723777545584294e-04 1.793245872760733590e-04 1.783503771286711179e-04 1.780277981542357731e-04
2.704470928342110158e-04 2.522952170272228897e-04 2.369018092014890198e-04 2.239717884513056016e-04 2.131798285419956457e-04 2.046544116896465890e-04 1.972341960462368777e-04 1.911549111991294077e-04 1.862232599748955429e-04 1.822818025707908705e-04 1.792012338493834958e-04 1.768897909865094794e-04 1.752793003358384474e-04 1.743271416120891338e-04 1.740118640872971145e-04
2.644038099204145038e-04 2.466593769799141204e-04 2.316113086950170332e-04 2.189712285620750158e-04 2.084211700290239844e-04 2.000867996108153404e-04 1.928328070984090337e-04 1.868896748309308064e-04 1.820684524029633365e-04 1.782152377972933451e-04 1.752036294652479067e-04 1.729439246984495397e-04 1.713694798584090764e-04 1.704386312312839281e-04 1.701304097022339978e-04
2.585610632893458032e-04 2.412104842210737767e-04 2.264962445421856763e-04 2.141364456091669679e-04 2.038202329997634550e-04 1.956705488992027035e-04 1.885772479244937812e-04 1.827657385181037566e-04 1.780512717729090615e-04 1.742833653206119892e-04 1.713384243156241865e-04 1.691287374408257413e-04 1.675891400444591540e-04 1.666788930833024260e-04 1.663774929877706382e-04
2.529100698210701658e-04 2.359403540598027920e-04 2.215489386532408956e-04 2.094601863875902479e-04 1.993701184161777529e-04 1.913990400613272498e-04 1.844611420586792676e-04 1.787769247499780198e-04 1.741657018680337955e-04 1.704802977662180758e-04 1.675998316852142067e-04 1.654385180019202315e-04 1.639326222767592436e-04 1.630422996410665047e-04 1.627474967105032731e-04
2.474425223686949104e-04 2.308412451636236088e-04 2.167621287042702054e-04 2.049355903291787985e-04 1.950643006068283577e-04 1.872660117649868855e-04 1.804784579831052453e-04 1.749173901498477510e-04 1.704060518407456528e-04 1.668004661286524024e-04 1.639823777597876331e-04 1.618678639700776639e-04 1.603945738817076541e-04 1.595235276327048180e-04 1.592351073332306036e-04
2.421505591195556985e-04 2.259058310313825837e-04 2.121289413955265138e-04 2.005561642566809925e-04 1.908966032665795638e-04 1.832655378215197425e-04 1.766234869635785573e-04 1.711816040089617021e-04 1.667669353123674549e-04 1.632385993231350496e-04 1.604808815306557721e-04 1.584116619027944948e-04 1.569699284827124480e-04 1.561175385038615887e-04 1.558352955133260505e-04
2.370267352339809467e-04 2.211271735858252375e-04 2.076428676960095411e-04 1.963157590123950833e-04 1.868611772378609424e-04 1.793920058762966615e-04 1.728908225298586565e-04 1.675643284130090918e-04 1.632432510232601300e-04 1.597897052538131647e-04 1.570904361894837314e-04 1.550650689664266927e-04 1.536538878104610128e-04 1.528195603287783324e-04 1.525432980471952611e-04
2.320639965700865349e-04 2.164986987076674611e-04 2.032977399073985765e-04 1.922085478038819547e-04 1.829524799238775004e-04 1.756400976640265976e-04 1.692753414624643233e-04 1.640605998274508634e-04 1.598301649031643042e-04 1.564490532713880256e-04 1.538063918884028432e-04 1.518234959231429238e-04 1.504419048478589311e-04 1.496250710486124870e-04 1.493546011395098408e-04
2.272556553209963256e-04 2.120141735496485630e-04 1.990877103960505244e-04 1.882290061240232074e-04 1.791652561981463667e-04 1.720047706988624917e-04 1.657721861608603116e-04 1.606657120205303932e-04 1.565230934438177526e-04 1.532121579047587498e-04 1.506243397520670832e-04 1.486825913532714152e-04 1.473296681988384897e-04 1.465297829268156159e-04 1.462649248872461975e-04
2.225953674069776908e-04 2.076676854840295403e-04 1.950072318557869279e-04 1.843718931159003685e-04 1.754945206872919453e-04 1.684812412813268428e-04 1.623767482794557777e-04 1.573752002140109418e-04 1.533176882668236976e-04 1.500747637619829794e-04 1.475400970387794237e-04 1.456382270115325550e-04 1.443130875804798138e-04 1.435296281215714528e-04 1.432702088787152705e-04
2.180771114794263364e-04 2.034536225504309979e-04 1.910510389767771798e-04 1.806322342648437310e-04 1.719355413153031691e-04 1.650649687148815622e-04 1.590846535282491327e-04 1.541848263617484789e-04 1.502098217895319839e-04 1.470328315054439915e-04 1.445496933572287021e-04 1.426864842249417960e-04 1.413882803470891531e-04 1.406207452844561033e-04 1.403665988169142988e-04
2.136951694066274179e-04 1.993666552829864572e-04 1.872141314071391850e-04 1.770053053106738681e-04 1.684838240076011722e-04 1.617516406346843430e-04 1.558917475443049021e-04 1.510905654652672670e-04 1.471955739005145704e-04 1.440825248147269079e-04 1.416493578538472343e-04 1.398236412485152989e-04 1.385515589631608545e-04 1.377994671027042803e-04 1.375504340847375385e-04
2.094441081229146836e-04 1.954017198066644091e-04 1.834917579040626519e-04 1.734866172827560641e-04 1.651350984623825178e-04 1.585371593598194657e-04 1.527940827486652751e-04 1.480885928436527727e-04 1.442712195641419209e-04 1.412201982584681886e-04 1.388355072934215116e-04 1.370461615024430807e-04 1.357994193495912715e-04 1.350623087098771894e-04 1.348182361769835241e-04
2.053187627333834936e-04 1.915540021024113738e-04 1.798794015804392886e-04 1.700719025691560429e-04 1.618853049049369776e-04 1.554176291881755251e-04 1.497879061108887077e-04 1.451752722824193134e-04 1.414332172809279768e-04 1.384423860034357176e-04 1.361047349624567898e-04 1.343506826211608089e-04 1.331285300342363261e-04 1.324059568964041993e-04 1.321666979307568564e-04
2.013142207758150464e-04 1.878189233496058640e-04 1.763727661612609786e-04 1.667571019389893570e-04 1.587305817480488693e-04 1.523893445602543051e-04 1.468696477502495898e-04 1.423471449926433775e-04 1.386781983367439360e-04 1.357457912954033292e-04 1.334538003310008106e-04 1.317340062508786898e-04 1.305357220439587039e-04 1.298272600574993546e-04 1.295926734918811496e-04
1.974258075500565166e-04 1.841921262622966125e-04 1.729677631715260825e-04 1.635383524441077986e-04 1.556672540883012200e-04 1.494487790246194130e-04 1.440359103088210112e-04 1.396009193176314114e-04 1.360029567798449980e-04 1.331272766520850037e-04 1.308796194142254285e-04 1.291930885376443058e-04 1.280179794807859118e-04 1.273232188213905462e-04 1.270931689603669896e-04
1.936490724328524698e-04 1.806694623429136567e-04 1.696604999841461788e-04 1.604119761326490011e-04 1.526918229741519529e-04 1.465925749434949892e-04 1.412834590372441653e-04 1.369334611298072429e-04 1.334044400699084369e-04 1.305838547135450907e-04 1.283792557801291718e-04 1.267250312530133918e-04 1.255724307297453109e-04 1.248909773057210292e-04 1.246653336628943381e-04
1.899797761031424509e-04 1.772469799836705101e-04 1.664472686624718140e-04 1.573744695127371755e-04 1.498009553871371960e-04 1.438175338822879020e-04 1.386092125390525338e-04 1.343417848653985643e-04 1.308797403480536740e-04 1.281126797001609782e-04 1.259499121543075000e-04 1.243270735089218541e-04 1.231963402504245464e-04 1.225278149544391248e-04 1.223064520047091380e-04
1.864138786091997641e-04 1.739209133517859011e-04 1.633245355375810071e-04 1.544224937098547976e-04 1.469914748825215873e-04 1.411206076315591948e-04 1.360102341239967946e-04 1.318230451489399945e-04 1.284260862811317685e-04 1.257110394324424760e-04 1.235889225768825887e-04 1.219965840174479840e-04 1.208871009083576753e-04 1.202311389115215081e-04 1.200139358573623806e-04
1.829475282147405377e-04 1.706876720000164653e-04 1.602889314655088851e-04 1.515528652661386614e-04 1.442603528402147054e-04 1.384988898142916404e-04 1.334837237249738803e-04 1.293745289636293527e-04 1.260408354374885093e-04 1.233763478708394673e-04 1.212937450704524976e-04 1.197310538548677726e-04 1.186422268060196645e-04 1.179984768915337946e-04 1.177853174423723268e-04
1.795770509663681077e-04 1.675438311488572905e-04 1.573372427141445605e-04 1.487625475341572650e-04 1.416047002808649069e-04 1.359496080352127643e-04 1.310270103369298841e-04 1.269936483272294625e-04 1.237214671549545888e-04 1.211061381371457808e-04 1.190619547813319222e-04 1.175280896927740314e-04 1.164593465765485921e-04 1.158274705103578081e-04 1.156182426742023239e-04
1.762989409294612162e-04 1.644861225911802732e-04 1.544664024336652168e-04 1.460486426216281604e-04 1.390217602057441080e-04 1.334701165324969846e-04 1.286375449395356840e-04 1.246779334365177361e-04 1.214655758650507979e-04 1.188980559822665103e-04 1.168912375594644123e-04 1.153854074620962704e-04 1.143361971063485745e-04 1.137158690424224341e-04 1.135104649289561088e-04
1.731098510439297580e-04 1.615114261741001391e-04 1.516734826681372930e-04 1.434083838470881001e-04 1.365089004224185124e-04 1.310578892953961276e-04 1.263128938685465158e-04 1.224250262463078150e-04 1.192708648403257118e-04 1.167498536679855608e-04 1.147793839451981106e-04 1.133008264186368953e-04 1.122706176554839360e-04 1.116615235735248407e-04 1.114598392079354752e-04
1.700065845551917932e-04 1.586167618165116623e-04 1.489556868693395219e-04 1.408391286697550243e-04 1.340636068212659184e-04 1.287105136143011609e-04 1.240507326035884231e-04 1.202326744518039458e-04 1.171351403344171105e-04 1.146593842329826445e-04 1.127242835336970635e-04 1.112722635812765301e-04 1.102605443472861100e-04 1.096623815208200579e-04 1.094643166676892302e-04
1.669860869792915705e-04 1.557992820240615786e-04 1.463103428769769738e-04 1.383383520597658101e-04 1.316834770706975144e-04 1.264256840324086200e-04 1.218488399426969005e-04 1.180987258455531703e-04 1.150563060868595980e-04 1.126245961157316987e-04 1.107239196900851596e-04 1.092977285163074952e-04 1.083040050008778028e-04 1.077164814938313476e-04 1.075219394904544971e-04
1.640454385643427522e-04 1.530562648663560542e-04 1.437348963322970298e-04 1.359036402776497908e-04 1.293662147014859544e-04 1.242011966706143091e-04 1.197050925362849158e-04 1.160211230225344670e-04 1.130323581668787625e-04 1.106435281090752874e-04 1.087763645905618189e-04 1.073753184434544206e-04 1.063991142824044446e-04 1.058219484724061670e-04 1.056308360709603243e-04
1.611818472134380362e-04 1.503851073839616989e-04 1.412269044947028426e-04 1.335326850343459886e-04 1.271096235529299719e-04 1.220349438994807975e-04 1.176174597553574647e-04 1.139978984090002156e-04 1.110613801324302933e-04 1.087143046232542232e-04 1.068797745666638915e-04 1.055032136410649586e-04 1.045440691526630005e-04 1.039769892794293937e-04 1.037892164974471045e-04
1.583926418368811803e-04 1.477833193952771173e-04 1.387840304333275209e-04 1.312232780052963014e-04 1.249116025556969720e-04 1.199249093341579796e-04 1.155839988707532760e-04 1.120271695925816806e-04 1.091415384825937784e-04 1.068351312359709052e-04 1.050323857316278386e-04 1.036796731296971992e-04 1.027371445905494427e-04 1.021798883278330987e-04 1.019953683064764375e-04
1.556752661040553790e-04 1.452485176756518326e-04 1.364040375676778272e-04 1.289733056741831224e-04 1.227701408281251677e-04 1.178691631299891914e-04 1.136028505219737465e-04 1.101071349329005273e-04 1.072710783831082147e-04 1.050042905097155806e-04 1.032325098694211962e-04 1.019030306149328741e-04 1.009766895733331442e-04 1.004290036230145777e-04 1.002476524926809162e-04
1.530272725675010102e-04 1.427784204832243374e-04 1.340847845334310301e-04 1.267807444837385216e-04 1.206833130645300117e-04 1.158658575582341709e-04 1.116722344557941185e-04 1.082360694335042462e-04 1.054483196463783874e-04 1.032201380580903549e-04 1.014785305684954490e-04 1.001716906717039384e-04 9.926112329621073556e-05 9.872276300321254010e-05 9.854449975603437706e-05
1.504463171338189776e-04 1.403708424078622572e-04 1.318242203512544992e-04 1.246436562727412753e-04 1.186492751956692263e-04 1.139132228428772130e-04 1.097904455163402137e-04 1.064123208573920847e-04 1.036716529486874050e-04 1.014810988442378751e-04 9.976889958366051735e-05 9.848412515375414185e-05 9.758893161491315801e-05 9.705966060170775596e-05 9.688440697053955991e-05
1.479301538578873154e-04 1.380236895213290884e-04 1.296203798781569484e-04 1.225601839798665170e-04 1.166662603029951391e-04 1.120095632409096053e-04 1.079558498696724724e-04 1.046343060697092379e-04 1.019395362686289645e-04 9.978566369574032801e-05 9.810213341071769813e-05 9.683886981307338450e-05 9.595866369634737031e-05 9.543825351591060603e-05 9.526593385942309011e-05
1.454766300385759584e-04 1.357349548083881276e-04 1.274713795223675393e-04 1.205285475964616194e-04 1.147325747696570386e-04 1.101532533497537607e-04 1.061668814471598089e-04 1.029005075923942309e-04 1.002504915319478044e-04 9.813238602149728035e-05 9.647681005961162247e-05 9.523452111525796369e-05 9.436892886335549607e-05 9.385715866949900039e-05 9.368769986302637751e-05
1.430836815956802992e-04 1.335027138599879373e-04 1.253754132040879143e-04 1.185470403515958188e-04 1.128465946524414610e-04 1.083427346266723200e-04 1.044220385930547205e-04 1.012094703566523350e-04 9.860310144904150045e-05 9.651987871713757548e-05 9.489156601289155512e-05 9.366973323775955871e-05 9.281839362067787272e-05 9.231504985476286860e-05 9.214838118657485790e-05
1.407493287091771638e-04 1.313251208109722360e-04 1.233307485456868878e-04 1.166140251138930261e-04 1.110067622599359176e-04 1.065765121060626650e-04 1.027198809027024301e-04 9.955979864012760915e-05 9.699600653234422291e-05 9.494681124646679466e-05 9.334509335720226687e-05 9.214321523891009819e-05 9.130577885012159767e-05 9.081065494322582577e-05 9.064670801591549418e-05
1.384716717031435828e-04 1.292004045059160367e-04 1.213357232760000623e-04 1.147279309956961862e-04 1.092115829231990584e-04 1.048531513014990468e-04 1.010590262387466991e-04 9.795015317654043058e-05 9.542790228169185907e-05 9.341190688731172437e-05 9.183613707637202880e-05 9.065372838644209126e-05 8.982985716375955056e-05 8.934275325343321930e-05 8.918146189013418474e-05
1.362488871577593650e-04 1.271268648777137196e-04 1.193887418343694622e-04 1.128872501460347370e-04 1.074596219461072886e-04 1.031712752802333604e-04 9.943814791351613075e-05 9.637924842636200803e-05 9.389753652655114555e-05 9.191394013089352981e-05 9.036349249542207751e-05 8.920008363497437982e-05 8.838945040473429853e-05 8.791017306553702978e-05 8.775147322070474905e-05
1.340792242337437436e-04 1.251028695244245045e-04 1.174882721608978603e-04 1.110905347196796490e-04 1.057495017233189578e-04 1.015295618986234246e-04 9.785597202650792622e-05 9.484584999780806434e-05 9.240370691469003666e-05 9.045173422454412429e-05 8.892600286549579979e-05 8.778113924260029770e-05 8.698342728589467208e-05 8.651178927296653562e-05 8.635561894747395789e-05
1.319610011943226279e-04 1.231268504706130285e-04 1.156328426600986204e-04 1.093363940102402447e-04 1.040798990144657134e-04 9.992674118759493343e-05 9.631127494651259909e-05 9.334877220804939108e-05 9.094525853747348430e-05 8.902415884817219875e-05 8.752255708029188302e-05 8.639579851729181474e-05 8.561070115707521903e-05 8.514652116204566256e-05 8.499282032236318092e-05
1.298926021103744943e-04 1.211973010999627646e-04 1.138210393256633380e-04 1.076234917358078982e-04 1.024495423636983263e-04 9.836159287776668570e-05 9.480288092843172784e-05 9.188687577503629298e-05 8.952108168245779358e-05 8.763012791537788801e-05 8.615208751507055980e-05 8.504300768431983365e-05 8.427022789230420759e-05 8.381333031089643806e-05 8.366204081214531597e-05
1.278724737346925721e-04 1.193127732462797219e-04 1.120515030144222446e-04 1.059505434660024256e-04 1.008572096540974006e-04 9.683294405424388782e-05 9.332965985522384707e-05 9.045906563071797835e-05 8.813010970434407719e-05 8.626859749049376196e-05 8.481356797968169522e-05 8.372175386626581970e-05 8.296100388860610587e-05 8.251121859934744168e-05 8.236228411202857632e-05
1.258991225312670154e-04 1.174718744300358133e-04 1.103229268576757653e-04 1.043163141794334006e-04 9.930172578662635897e-05 9.533966693127919481e-05 9.189052509561965773e-05 8.906428884665476488e-05 8.677131700557372783e-05 8.493856381306133464e-05 8.350601177730053958e-05 8.243106316744031059e-05 8.168206416830370851e-05 8.123922632180472089e-05 8.109259226202666904e-05
1.239711118449867593e-04 1.156732652272628837e-04 1.086340537978354665e-04 1.027196159404255524e-04 9.778196047321270016e-05 9.388067673695240810e-05 9.048443146823494316e-05 8.770153266303675876e-05 8.544371711788363154e-05 8.363906142130165546e-05 8.222846986061342893e-05 8.116999885459068168e-05 8.043248057679808812e-05 7.999643039511971515e-05 7.985204385816644128e-05
1.220870591959944860e-04 1.139156567566851916e-04 1.069836742375894137e-04 1.011593056832789400e-04 9.629682613307270506e-05 9.245492969762496229e-05 8.911037330238012950e-05 8.636982261183437587e-05 8.414636087589182241e-05 8.236916136592025664e-05 8.098002907700248439e-05 7.993765962559896488e-05 7.921136006763321844e-05 7.878194265332473208e-05 7.863975235042409734e-05
1.202456336807461391e-04 1.121978082692081383e-04 1.053706237873465809e-04 9.963428309111187415e-05 9.484527588034778614e-05 9.106142111101602702e-05 8.776738258505963617e-05 8.506822072409468813e-05 8.287833467313097978e-05 8.112796950498017397e-05 7.975981049370645744e-05 7.873317795732978706e-05 7.801784306613087218e-05 7.759490822059298689e-05 7.745486441877193467e-05
1.184455534580656680e-04 1.105185248207809649e-04 1.037937810941117134e-04 9.814348855411583555e-05 9.342630158920351747e-05 8.969918349504464876e-05 8.645452718213163072e-05 8.379582381000135578e-05 8.163875878966196935e-05 7.991462486937616651e-05 7.856696779279670072e-05 7.755571852269068527e-05 7.685110190181245469e-05 7.643450395273275520e-05 7.629655841767454404e-05
1.166855832921686193e-04 1.088766550043896814e-04 1.022520657305066457e-04 9.668590118823711251e-05 9.203893201920214698e-05 8.836728479659668178e-05 8.517090911890312340e-05 8.255176179785030913e-05 8.042678577810484779e-05 7.872829808627877356e-05 7.740068572374403366e-05 7.640447666498272181e-05 7.571033929789284698e-05 7.529993693562073403e-05 7.516404287748021287e-05
1.149645321140605565e-04 1.072710887081044302e-04 1.007444361151379499e-04 9.526053688881390338e-05 9.068223097806661246e-05 8.706482663927029165e-05 8.391566290080228327e-05 8.133519611383025990e-05 7.924159889095064833e-05 7.756818984416821781e-05 7.626017859777241335e-05 7.527867691416021594e-05 7.459478690275499050e-05 7.419044302565357661e-05 7.405655504784172389e-05
1.132812505448247163e-04 1.057007548511012569e-04 9.926988742274382455e-05 9.386644638263296359e-05 8.935529548920644125e-05 8.579094258038606107e-05 8.268795384680942869e-05 8.014531807715825299e-05 7.808241052516325001e-05 7.643352937659378106e-05 7.514468880199246447e-05 7.417757152362260858e-05 7.350370384246241221e-05 7.310528541152881460e-05 7.297335946256177481e-05
1.116346282934189147e-04 1.041646190236141070e-04 9.782744942038885385e-05 9.250271322264526656e-05 8.805725391442209516e-05 8.454479633227431469e-05 8.148697639442519002e-05 7.898134727229178258e-05 7.694846064808190367e-05 7.532357293044085250e-05 7.405348530044501636e-05 7.310043899565899915e-05 7.243637526310780150e-05 7.204375316654946029e-05 7.191374649518779525e-05
1.100235912867036681e-04 1.026616809105761717e-04 9.641618412648927635e-05 9.116845163527307629e-05 8.678726395190007180e-05 8.332557987553600891e-05 8.031195231007884133e-05 7.784252983696000926e-05 7.583901514713769804e-05 7.423760216412891790e-05 7.298586206968978279e-05 7.204658254480474739e-05 7.139211081337022257e-05 7.100515974247639654e-05 7.087703085659538809e-05
1.084470982884407954e-04 1.011909712935902064e-04 9.503518311661944323e-05 8.986280406689227949e-05 8.554451037361490446e-05 8.213251134143954705e-05 7.916212869282103330e-05 7.672813656219158284e-05 7.475336400604444380e-05 7.317492238340756947e-05 7.194113638041255924e-05 7.101532841337701574e-05 7.037024298346519541e-05 6.998884132223423212e-05 6.986254995223330569e-05
1.069041365703256508e-04 9.975154826239400864e-05 9.368356415996997855e-05 8.858493815410642001e-05 8.432820225832389569e-05 8.096483244315983373e-05 7.803677557026028621e-05 7.563746061831846544e-05 7.369081913313640952e-05 7.213486044945591918e-05 7.091864676662104139e-05 7.000602388580027288e-05 6.937012515055155152e-05 6.899415488355305573e-05 6.886966195178075045e-05
1.053937158080028223e-04 9.834249193711466178e-05 9.236046658725669532e-05 8.733404259563535329e-05 8.313756925773804838e-05 7.982180503799132744e-05 7.693518270537262182e-05 7.456981455407933536e-05 7.265071151116617816e-05 7.111676204573803687e-05 6.991775038191810269e-05 6.901803471078153999e-05 6.839112904621954116e-05 6.802047569301202890e-05 6.789774329194374553e-05
1.039148585424606028e-04 9.696289629703878313e-05 9.106504418426945293e-05 8.610932087395793634e-05 8.197185596363900327e-05 7.870270597762727565e-05 7.585665484452891710e-05 7.352452585639855556e-05 7.163238700074227858e-05 7.011998767027783600e-05 6.893781913574486436e-05 6.805074134349626245e-05 6.743264107143514120e-05 6.706719366358869223e-05 6.694618504804293472e-05
1.024665836445607861e-04 9.561185509440181052e-05 8.979645301135929256e-05 8.490998055516307678e-05 8.083031236003375007e-05 7.760681842185512315e-05 7.480050373916455981e-05 7.250092952616767994e-05 7.063519934861754615e-05 6.914390597874841453e-05 6.797823329146502247e-05 6.710353273116175356e-05 6.649405621079306362e-05 6.613370734423041459e-05 6.601438694839739131e-05
1.010478745023162342e-04 9.428843480445970563e-05 8.855382806585917219e-05 8.373521283859158327e-05 7.971217562185805129e-05 7.653341531985888800e-05 7.376603300966006697e-05 7.149835402424199542e-05 6.965849697825229599e-05 6.818788122871818728e-05 6.703836940839764729e-05 6.617579462102091570e-05 6.557476659163154252e-05 6.521941262594564595e-05 6.510174612883013303e-05
9.965761074285270599e-05 9.299161647662271160e-05 8.733623306512571655e-05 8.258414853182660263e-05 7.861663092761728762e-05 7.548172385115420530e-05 7.275250557225311336e-05 7.051609103878184669e-05 6.870159458584390382e-05 6.725124629227804593e-05 6.611757443390424264e-05 6.526688444638208033e-05 6.467413691509837003e-05 6.432367849191925144e-05 6.420763298789070375e-05
9.829440257533980847e-05 9.172015388637535886e-05 8.614253740930073852e-05 8.145574980618995446e-05 7.754271484206455393e-05 7.445083757342545899e-05 7.175906302636287141e-05 6.955332056542507869e-05 6.776370268024425392e-05 6.633323565791317657e-05 6.521510134760809935e-05 6.437606891672258396e-05 6.379144338324351773e-05 6.344578672770480570e-05 6.333133115510265537e-05
9.695612701970985237e-05 9.047217185541460752e-05 8.497106441977101440e-05 8.034849826194081840e-05 7.648903506112054366e-05 7.343946029203420999e-05 7.078448959525029244e-05 6.860889073514321427e-05 6.684371992313122447e-05 6.543278752504690370e-05 6.432991872602758705e-05 6.350233909759233437e-05 6.292569257541440187e-05 6.258475302397368428e-05 6.247185932778958229e-05
9.563841963403994068e-05 8.924382647002925375e-05 8.381839273390892747e-05 7.925931285720583469e-05 7.545278366350886357e-05 7.244499364584935702e-05 6.982636260760239700e-05 6.768051884799191676e-05 6.593947447222212510e-05 6.454781688500888610e-05 6.346000831967278297e-05 6.264372618191690260e-05 6.207494979792932746e-05 6.173866272312472073e-05 6.162730945993200222e-05
9.433006378400359134e-05 8.802489433732738999e-05 8.267515672840398109e-05 7.817955591283003592e-05 7.442593338996994923e-05 7.145989754104571212e-05 6.887756106079826921e-05 6.676142622637520516e-05 6.504446434538153172e-05 6.367204207040681968e-05 6.259926005503948880e-05 6.179424844903181311e-05 6.123332252629565698e-05 6.090167593219029734e-05 6.079185906459941936e-05
