1.000000000000000000e+00 1.000000000000000000e+00 1.000000000000000000e+00 1.000000000000000000e+00 1.000000000000000000e+00 1.000000000000000000e+00 1.000000000000000000e+00 1.000000000000000000e+00 1.000000000000000000e+00 1.000000000000000000e+00 1.000000000000000000e+00 1.000000000000000000e+00 1.000000000000000000e+00 1.000000000000000000e+00 1.000000000000000000e+00
6.753827060301783591e-01 6.580888486006116755e-01 6.400432258462078750e-01 6.229503534157048161e-01 6.073905770993830444e-01 5.930652520289596552e-01 5.802617280153573587e-01 5.692734213678060096e-01 5.601629316974789941e-01 5.528272974961117026e-01 5.470421880732972975e-01 5.425585508068173635e-01 5.392626744829562835e-01 5.371980168940723166e-01 5.364867571849594174e-01
4.010740519885244160e-01 3.813462438364400575e-01 3.615843348795023671e-01 3.436089454651473640e-01 3.278477989278130167e-01 3.138316699235836338e-01 3.016928825011809256e-01 2.915561583216176311e-01 2.833412447214721519e-01 2.768471010975327440e-01 2.717999353436461041e-01 2.679343171060770135e-01 2.651197934167013881e-01 2.633689891767217461e-01 2.627681297200791244e-01
2.444085088014784080e-01 2.284577767925452529e-01 2.128962871093685316e-01 1.990952543805707131e-01 1.872716264604448733e-01 1.769850438358475386e-01 1.682502007300754887e-01 1.610766435741654290e-01 1.553414311973734252e-01 1.508556684568096995e-01 1.473990484508975740e-01 1.447710763894084762e-01 1.428699912322597965e-01 1.416933402773358774e-01 1.412906557520632045e-01
1.570755712859057129e-01 1.451300446086983831e-01 1.336977793243908641e-01 1.237385206899821039e-01 1.153428567751988293e-01 1.081482848556347132e-01 1.021199938176922811e-01 9.722354493860167757e-02 9.334319233357059320e-02 9.032883254281801055e-02 8.801866302156881317e-02 8.627065672710511335e-02 8.501149584454281705e-02 8.423475437172303626e-02 8.396942634600983169e-02
1.064475108389467822e-01 9.759255442972411543e-02 8.923806909725473524e-02 8.205305961052639097e-02 7.606451833473862334e-02 7.098612797996414758e-02 6.676917770399214136e-02 6.336883362468301306e-02 6.068942034411830416e-02 5.861698710358072967e-02 5.703415603052385680e-02 5.584012874517296082e-02 5.498237418665850862e-02 5.445439827339932509e-02 5.427426583631866225e-02
7.560000305772367202e-02 6.895913220630432716e-02 6.275944117376167086e-02 5.747646537491965524e-02 5.310798914643635737e-02 4.942987530024613163e-02 4.639400223094366366e-02 4.395757754977094173e-02 4.204464313322412578e-02 4.056903778196807586e-02 3.944442887575283496e-02 3.859767802406591924e-02 3.799045682753330461e-02 3.761721544375221105e-02 3.748997482387724650e-02
5.587391530663511630e-02 5.079822293483854390e-02 4.609652882428046106e-02 4.211619990759526977e-02 3.884286964569454159e-02 3.610017971098353207e-02 3.384536993484400791e-02 3.204125875897312348e-02 3.062796537690700566e-02 2.953955830037960015e-02 2.871110840800680797e-02 2.808807414852481504e-02 2.764177639881224349e-02 2.736769645473597842e-02 2.727430807647220762e-02
4.269679006698695600e-02 3.873672855689173217e-02 3.508948186438486105e-02 3.201611391608129298e-02 2.949815474010394206e-02 2.739527259116051813e-02 2.567094728975512566e-02 2.429392392205661361e-02 2.321668284622118578e-02 2.238787911563600366e-02 2.175750219265191326e-02 2.128376454428797943e-02 2.094464709994339410e-02 2.073650864779689323e-02 2.066561200731518999e-02
3.355047083643073608e-02 3.039882181846734546e-02 2.750842123285592716e-02 2.508079891954957674e-02 2.309701604805113051e-02 2.144388372489449898e-02 2.009062866838841679e-02 1.901122072364901106e-02 1.816749296560433991e-02 1.751870454474620253e-02 1.702545282275141902e-02 1.665492232324665076e-02 1.638979836267439108e-02 1.622713463369096151e-02 1.617173942314567223e-02
2.698724887965359837e-02 2.443274063534326204e-02 2.209733921106957558e-02 2.014041036771013066e-02 1.854407858887740373e-02 1.721576216137189058e-02 1.612957447072007125e-02 1.526381121879695144e-02 1.458739317966750021e-02 1.406740725757204234e-02 1.367216548709642050e-02 1.337533051123851457e-02 1.316299365089646130e-02 1.303274750097511286e-02 1.298839814731313387e-02
2.214022177758258325e-02 2.003544825043544406e-02 1.811570716492617861e-02 1.650972066170121322e-02 1.520122694887754075e-02 1.411347154037894368e-02 1.322459494625440740e-02 1.251639313603605287e-02 1.196320808125174613e-02 1.153800799239177756e-02 1.121484220707330906e-02 1.097216754261191862e-02 1.079860067041616897e-02 1.069215153112601166e-02 1.065590829479915076e-02
1.847048679066926047e-02 1.671077385687317479e-02 1.510856645565246750e-02 1.376977170144026881e-02 1.267984618696977976e-02 1.177435168973802945e-02 1.103471141565745897e-02 1.044553659717376709e-02 9.985367562571465308e-03 9.631670994823197940e-03 9.362853406460923053e-03 9.161000410559940951e-03 9.016642660145974403e-03 8.928115529696651481e-03 8.897975900577172539e-03
1.563149864002365275e-02 1.414113616875322180e-02 1.278595178711503313e-02 1.165448847616837660e-02 1.073383461606988373e-02 9.969265204874615260e-03 9.344875969422091963e-03 8.847546884716036078e-03 8.459113491877093619e-03 8.160542419632122249e-03 7.933613297097807243e-03 7.763214613065221037e-03 7.641356747005127216e-03 7.566631459913674730e-03 7.541191560548497416e-03
1.339352128630116878e-02 1.211675216728472920e-02 1.095693311515809516e-02 9.989127598066247990e-03 9.201897536911878353e-03 8.548278570156483958e-03 8.014549961594003361e-03 7.589430626251897002e-03 7.257377126387676118e-03 7.002122623478455876e-03 6.808103680050418133e-03 6.662413183877603090e-03 6.558226057311811880e-03 6.494338380405496707e-03 6.472588461250121904e-03
1.160004402217715107e-02 1.049509649607165140e-02 9.492103938963519782e-03 8.655479290260144690e-03 7.975083081884248512e-03 7.410228399313150728e-03 6.948989192609927174e-03 6.581586266426522717e-03 6.294587644009405625e-03 6.073945247084101308e-03 5.906221267918897698e-03 5.780270411804253571e-03 5.690198778457381500e-03 5.634967170990880583e-03 5.616164247390511600e-03
1.014180490412530666e-02 9.176880471243499190e-03 8.301476178889127810e-03 7.571456000112673605e-03 6.977811474971355211e-03 6.484992127363466315e-03 6.082557453035924468e-03 5.761965057477860114e-03 5.511504311587868757e-03 5.318930221544174858e-03 5.172529447936311670e-03 5.062585108523126771e-03 4.983958521086094551e-03 4.935744783987831841e-03 4.919331003349201870e-03
8.940837608728777544e-03 8.091369419516776518e-03 7.321026817882670019e-03 6.678714514130286613e-03 6.156404068877277883e-03 5.722792788649120818e-03 5.368679047414883984e-03 5.086547533693303383e-03 4.866106495125004615e-03 4.696593868344076973e-03 4.567712962273149865e-03 4.470919903703985190e-03 4.401696342260999137e-03 4.359248027700535037e-03 4.344796943623982499e-03
7.940401724175375625e-03 7.187150051112227954e-03 6.504267160152599724e-03 5.934920937193204765e-03 5.471931020952784837e-03 5.087542199688484951e-03 4.773593782164613046e-03 4.523430410079086299e-03 4.327941827013555808e-03 4.177598903425553366e-03 4.063281903603968744e-03 3.977421324080810013e-03 3.916014183580873373e-03 3.878358305521779469e-03 3.865538653151904050e-03
7.098465503588982130e-03 6.426173274431473507e-03 5.816817790562146297e-03 5.308784247069928304e-03 4.895626846943442606e-03 4.552579840177040094e-03 4.272363555890475520e-03 4.049048338114459578e-03 3.874516982148322464e-03 3.740275590190487130e-03 3.638192224085803894e-03 3.561515123316354864e-03 3.506673879429799464e-03 3.473043634401788791e-03 3.461594362431546276e-03
6.383390236630449681e-03 5.779819204265658483e-03 5.232832810063583681e-03 4.776788410730958487e-03 4.405877862209594403e-03 4.097875591460213227e-03 3.846252829082233947e-03 3.645696905712488001e-03 3.488932459191527828e-03 3.368342644970191702e-03 3.276632214394115550e-03 3.207742102096568151e-03 3.158468349266902939e-03 3.128251576686791931e-03 3.117964290156973080e-03
5.771012150239605322e-03 5.226241784465744493e-03 4.732591007818622887e-03 4.320993910820080351e-03 3.986197525061963010e-03 3.708151199393824177e-03 3.480970421174092895e-03 3.299870764613854323e-03 3.158296159848515607e-03 3.049378897021924779e-03 2.966538354543670365e-03 2.904307189381275488e-03 2.859794487282794114e-03 2.832496755176868407e-03 2.823203142560910817e-03
5.242631186679030941e-03 4.748541629729008742e-03 4.300840617230980087e-03 3.927528627361137441e-03 3.623837704219953163e-03 3.371592491013829934e-03 3.165464700124796891e-03 3.001125147498829443e-03 2.872636805276216829e-03 2.773776627205895660e-03 2.698579010929427931e-03 2.642085956699216989e-03 2.601676016561417417e-03 2.576893740820793404e-03 2.568456419734344715e-03
4.783600318416895113e-03 4.333486148685117278e-03 3.925641121205729160e-03 3.585532747099081166e-03 3.308818321500598542e-03 3.078949923546367949e-03 2.891082318542892698e-03 2.741281065069189980e-03 2.624145458275870414e-03 2.534011016866629263e-03 2.465445112638899212e-03 2.413931242536352349e-03 2.377081529725635824e-03 2.354482101263439663e-03 2.346787851464476535e-03
4.382320034338050944e-03 3.970598257033199074e-03 3.597539316753227238e-03 3.286408647309193003e-03 3.033237777563048063e-03 2.822899586000975850e-03 2.650970664666469322e-03 2.513860822807200985e-03 2.406636875752161085e-03 2.324121354112588383e-03 2.261346443854118406e-03 2.214180775254037236e-03 2.180440220104327628e-03 2.159747107952949153e-03 2.152701799171683177e-03
4.029510935347661339e-03 3.651497720900660424e-03 3.308974201185151121e-03 3.023279360706196926e-03 2.790775283268850330e-03 2.597582123701831520e-03 2.439646744592242639e-03 2.313680783788354348e-03 2.215160920976110351e-03 2.139336772672076857e-03 2.081648266098736974e-03 2.038301967287403996e-03 2.007292522357936784e-03 1.988273963859400317e-03 1.981798705255162323e-03
3.717680284877348390e-03 3.369418471851969715e-03 3.053841088117576451e-03 2.790592078385749006e-03 2.576326563245131401e-03 2.398265271440248869e-03 2.252681660523093987e-03 2.136553329752727097e-03 2.045718172310298597e-03 1.975802342064084983e-03 1.922605369195812134e-03 1.882631942366421070e-03 1.854034414369542215e-03 1.836494727622978076e-03 1.830522910187784959e-03
3.440725830479826348e-03 3.118850339587701543e-03 2.827168213519905878e-03 2.583824056870230070e-03 2.385733688590882789e-03 2.221093601143456133e-03 2.086466635826878923e-03 1.979065847408791046e-03 1.895049024268028555e-03 1.830375935268984842e-03 1.781164836881309055e-03 1.744184728082045143e-03 1.717727775751759760e-03 1.701500613883809776e-03 1.695975614029253181e-03
3.193638113824306263e-03 2.895269976028693425e-03 2.624873929908142032e-03 2.399261853867030655e-03 2.215582292009743003e-03 2.062900689898270780e-03 1.938037397324650054e-03 1.838414832779570801e-03 1.760475376921429459e-03 1.700475741446821161e-03 1.654817981227035438e-03 1.620506508792632448e-03 1.595958013637261211e-03 1.580901074293057174e-03 1.575774452898143522e-03
2.972274345188909584e-03 2.694936543084082252e-03 2.443582386348699693e-03 2.233833762250721916e-03 2.063047656062228126e-03 1.921066556007687076e-03 1.804940876157457453e-03 1.712279964151732121e-03 1.639780459380820246e-03 1.583964503807700624e-03 1.541487932132607017e-03 1.509565730259544063e-03 1.486725965564812506e-03 1.472716803098761103e-03 1.467946879972724166e-03
2.773184896058265066e-03 2.514734990507534740e-03 2.280482167176755854e-03 2.084981308142864597e-03 1.925776683623458109e-03 1.793408327658194005e-03 1.685132975093746625e-03 1.598727516405989459e-03 1.531116648398021156e-03 1.479060718890847382e-03 1.439443403233390357e-03 1.409668791478039781e-03 1.388364968159337643e-03 1.375297650046979937e-03 1.370848365793299545e-03
2.593478907482308238e-03 2.352054694670916834e-03 2.133216839594185253e-03 1.950559758994697100e-03 1.801796512401176000e-03 1.678095587150880974e-03 1.576899403038682819e-03 1.496135562220629860e-03 1.432934074913898292e-03 1.384269856888109768e-03 1.347231896546759525e-03 1.319394738219948271e-03 1.299476615013773345e-03 1.287259030821677691e-03 1.283099030845524487e-03
2.430719277160609589e-03 2.204694645312873548e-03 1.999799451180292367e-03 1.828760402473245724e-03 1.689443123335120003e-03 1.573584231650647499e-03 1.478793819599631167e-03 1.403135523249221528e-03 1.343924831665016615e-03 1.298330608137881950e-03 1.263627496816257427e-03 1.237544218731182616e-03 1.218880542533075199e-03 1.207432221831203616e-03 1.203534113594812620e-03
2.282839925364038049e-03 2.070788757864898931e-03 1.878545179697025834e-03 1.718049324313166305e-03 1.587305100813319724e-03 1.478564366398707084e-03 1.389589098410519419e-03 1.318566113143210261e-03 1.262979005695181751e-03 1.220172519364190380e-03 1.187589725237087144e-03 1.163099250915173091e-03 1.145574850036722332e-03 1.134825180580628905e-03 1.131164927109759230e-03
2.148080108703221032e-03 1.948746581808002065e-03 1.768017867210547930e-03 1.617118805061595801e-03 1.494178981386028735e-03 1.391918930713437761e-03 1.308238625001666502e-03 1.241436759742489248e-03 1.189149756935375729e-03 1.148882343576751843e-03 1.118230854498171228e-03 1.095191261493070820e-03 1.078704656484544668e-03 1.068591419677403969e-03 1.065147841066762689e-03
2.024931889948523508e-03 1.837205887768574540e-03 1.666987265386657945e-03 1.524848451452122736e-03 1.409033542395947240e-03 1.312690604223647065e-03 1.233845336776950418e-03 1.170898341428412530e-03 1.121625377254050057e-03 1.083677114341380452e-03 1.054789753784515262e-03 1.033075509260999308e-03 1.017536937033074055e-03 1.008005096742123829e-03 1.004759457898589088e-03
1.912097841778621389e-03 1.734994493330011293e-03 1.574394610782901697e-03 1.440273898276169537e-03 1.330981043333023328e-03 1.240055153218017374e-03 1.165636785063039159e-03 1.106219613145638077e-03 1.059706780001321881e-03 1.023882451639630473e-03 9.966108143794228259e-04 9.761104756658926102e-04 9.614402459387214658e-04 9.524409410252424654e-04 9.493766087508937000e-04
1.808456771368748993e-03 1.641099328696015531e-03 1.489324727574625534e-03 1.362561442634809428e-03 1.259253915765553558e-03 1.173299824258828769e-03 1.102944917213258486e-03 1.046768092330083253e-03 1.002789246631184683e-03 9.689149691471997481e-04 9.431268585246267927e-04 9.237411499901274732e-04 9.098682707073387985e-04 9.013579724266982838e-04 8.984601286195196710e-04
1.713035776003881501e-03 1.554641216328789786e-03 1.410983281876949935e-03 1.290987360318441917e-03 1.193185753844269162e-03 1.111805721961545016e-03 1.045189584939980754e-03 9.919944660092940361e-04 9.503475346262922792e-04 9.182679201236135409e-04 8.938451937565368476e-04 8.754853901395180877e-04 8.623464119069308188e-04 8.542862155646158530e-04 8.515416161162128825e-04
1.624987329475957197e-03 1.474854190696826221e-03 1.338678129331066086e-03 1.224920942614379782e-03 1.132195722314041381e-03 1.055033353143683059e-03 9.918650143159654913e-04 9.414197968481673997e-04 9.019236575041621228e-04 8.714994180211781908e-04 8.483361680531560168e-04 8.309227287939886970e-04 8.184607687136651174e-04 8.108157952846580018e-04 8.082125664062148919e-04
1.543570391468230413e-03 1.401068448434851640e-03 1.271803935850683142e-03 1.163810508323676702e-03 1.075775697724696113e-03 1.002510703573598330e-03 9.425286448879220203e-04 8.946249683502204356e-04 8.571168026611612756e-04 8.282227171734867074e-04 8.062237260323952374e-04 7.896851363253807113e-04 7.778490495750896381e-04 7.705879378857617701e-04 7.681154032586481406e-04
1.468134753388456934e-03 1.332696219032275357e-03 1.209829431589474385e-03 1.107171809475406953e-03 1.023479608833522975e-03 9.538233527151466053e-04 8.967918754239388246e-04 8.512419322754285990e-04 8.155749700256160464e-04 7.880981518136627581e-04 7.671775760494371722e-04 7.514493590305260746e-04 7.401930327572480784e-04 7.332875066411321521e-04 7.309360400862211903e-04
1.398108002761636959e-03 1.269219998437211413e-03 1.152286795470790779e-03 1.054578373960517960e-03 9.749145567117139567e-04 9.086062379031890728e-04 8.543123529366749777e-04 8.109464149540030137e-04 7.769880038200970658e-04 7.508264177094087395e-04 7.309066615788996531e-04 7.159305328912123154e-04 7.052122818658586529e-04 6.986367796952026995e-04 6.963976790728845876e-04
1.332984617752676869e-03 1.210182704828883593e-03 1.098762772971857617e-03 1.005653424027584328e-03 9.297333829503555327e-04 8.665367607638655312e-04 8.147875176983213627e-04 7.734518110316668249e-04 7.410817583006377648e-04 7.161429467461787567e-04 6.971536943965819539e-04 6.828768357646805651e-04 6.726588830966067148e-04 6.663902394525275706e-04 6.642556183090349287e-04
1.272316803434714056e-03 1.155179406110581680e-03 1.048891211251398682e-03 9.600630835378361943e-04 8.876284222639682642e-04 8.273289915740149585e-04 7.779491757488260842e-04 7.385040487118772670e-04 7.076131913326247141e-04 6.838131758343171792e-04 6.656905566418125364e-04 6.520649893657299093e-04 6.423130186344764908e-04 6.363301897534995354e-04 6.342928838673220562e-04
1.215706759228541789e-03 1.103850338896318313e-03 1.002346759004503441e-03 9.175106443856246826e-04 8.483262285938739143e-04 7.907287761562257523e-04 7.435589161196711839e-04 7.058772537524002138e-04 6.763662208836515068e-04 6.536285512239042601e-04 6.363144174012665653e-04 6.232964600999157034e-04 6.139792277048063563e-04 6.082630538371858490e-04 6.063165403291297193e-04
1.162800127823916891e-03 1.055874993705944401e-03 9.588395279497148290e-04 8.777317074856355898e-04 8.115831051301342514e-04 7.565095881720030084e-04 7.114042257749925678e-04 6.753700732766345499e-04 6.471482117759951285e-04 6.254031403911097233e-04 6.088444396377934963e-04 5.963942373169398448e-04 5.874832358073345685e-04 5.820162348252441893e-04 5.801545619050203859e-04
1.113280423812797702e-03 1.010967084321444994e-03 9.181105518250124191e-04 8.404900491391857197e-04 7.771813011887564963e-04 7.244689997948722477e-04 6.812951834362832547e-04 6.468025470708018863e-04 6.197869854408376462e-04 5.989707481300720997e-04 5.831189770526631509e-04 5.712000907890124905e-04 5.626692555219230812e-04 5.574354430864873191e-04 5.556531688391804034e-04
1.066864278188676355e-03 9.688702534740839924e-04 8.799279096102858222e-04 8.055740916163835154e-04 7.449257646172836736e-04 6.944256675852885155e-04 6.530616357515076726e-04 6.200134351044006304e-04 5.941282655253138411e-04 5.741824528585012539e-04 5.589931792861615794e-04 5.475722276171558853e-04 5.393976803739560129e-04 5.343824127577018451e-04 5.326745516415431168e-04
1.023297365039151519e-03 9.293543942544011185e-04 8.440834042306223119e-04 7.727938790879696537e-04 7.146413588801703905e-04 6.662167493600620318e-04 6.265507770120682090e-04 5.948579267777956339e-04 5.700334882089323285e-04 5.509044945668575832e-04 5.363369388399299477e-04 5.253832834144497128e-04 5.175431076557842182e-04 5.127329439590944940e-04 5.110949199044690283e-04
9.823509008868411448e-04 8.922124884047704860e-04 8.103897076155145872e-04 7.419784778716449411e-04 6.861704703529643116e-04 6.396956830224833192e-04 6.016250678133397423e-04 5.712056708133121012e-04 5.473779188906714938e-04 5.290164581792217678e-04 5.150331250886753393e-04 5.045185943338468095e-04 4.969926376294623877e-04 4.923752186552401554e-04 4.908028238337715276e-04
9.438186265215177395e-04 8.572578801451897438e-04 7.786778987554360395e-04 7.129737342867106375e-04 6.593709445165917265e-04 6.147302705148486581e-04 5.781604394624364736e-04 5.489390754882402489e-04 5.260490272021204434e-04 5.084097060137013086e-04 4.949760603843951284e-04 4.848747059305058300e-04 4.776444058059384906e-04 4.732083472889802070e-04 4.716977057686493405e-04
9.075141968177784365e-04 8.243219183028930750e-04 7.487953341255458237e-04 6.856403349796573498e-04 6.341143003706980075e-04 5.912010199031268558e-04 5.560447401497168023e-04 5.279518376162297679e-04 5.059450806166646518e-04 4.889860210428039573e-04 4.760702010396360975e-04 4.663580824600155371e-04 4.594063124844344724e-04 4.551411107289219608e-04 4.536886463526844252e-04
8.732689167240842995e-04 7.932519109661301379e-04 7.206038001680325263e-04 6.598521239655389488e-04 6.102841810046860660e-04 5.689997065915392309e-04 5.351763863740563931e-04 5.081476657481349231e-04 4.869739236705116327e-04 4.706564291554239947e-04 4.582289922918016557e-04 4.488839863900659453e-04 4.421949198123576027e-04 4.380908680868078695e-04 4.366932760128679311e-04
8.409297719444523960e-04 7.639093462067447033e-04 6.939779059308157430e-04 6.354946382715737346e-04 5.877750052862740389e-04 5.480281211721587786e-04 5.154631892005881065e-04 4.894391688193777895e-04 4.690519153079974243e-04 4.533401739196583446e-04 4.413738714970151826e-04 4.323755029362496465e-04 4.259344915782081980e-04 4.219826058635008071e-04 4.206368272892337568e-04
8.103577112855694453e-04 7.361683400409233056e-04 6.688036808347095057e-04 6.124638303190681069e-04 5.664907913701534414e-04 5.281969767375547511e-04 4.968213299105719979e-04 4.717468861800513166e-04 4.521030013608997060e-04 4.369638216803398275e-04 4.254333980132355060e-04 4.167626885512688362e-04 4.105561550023589476e-04 4.067481078941224178e-04 4.054513075556530691e-04
7.814261445802829628e-04 7.099142790571361973e-04 6.449773481852016195e-04 5.906649503113112730e-04 5.463441274451112531e-04 5.094249528559465640e-04 4.791744636939926165e-04 4.549984388119912701e-04 4.360579028656814179e-04 4.214604783859824321e-04 4.103424916918716890e-04 4.019818256803719871e-04 3.959971671198317909e-04 3.923252288589366391e-04 3.910747749570437845e-04
7.540196258160041399e-04 6.850426302988916029e-04 6.224042496965734349e-04 5.700115661246642250e-04 5.272552690251980801e-04 4.916378570120672788e-04 4.624529334082610262e-04 4.391277847262940216e-04 4.208534039687309206e-04 4.067691024761212518e-04 3.960417647500471140e-04 3.879747688862148110e-04 3.822002710948422329e-04 3.786572568447242712e-04 3.774507030971292775e-04
7.280326958255033207e-04 6.614578952566850349e-04 6.009979001437484175e-04 5.504247016989743035e-04 5.091513453065436715e-04 4.747678872986696138e-04 4.465930782173104072e-04 4.240745641739677757e-04 4.064317256906214851e-04 3.928339005902252087e-04 3.824769341569140158e-04 3.746883697558519417e-04 3.691131300794760683e-04 3.656923526914014557e-04 3.645274222531214806e-04
7.033688628226624981e-04 6.390726883650888574e-04 5.806791544512793094e-04 5.318320778282120687e-04 4.919656597815674033e-04 4.587529826194687989e-04 4.315366242429613552e-04 4.097835224942135207e-04 3.927399739141324139e-04 3.796037948777703798e-04 3.695983036286861661e-04 3.620739699209638311e-04 3.566878281165640464e-04 3.533830557275222887e-04 3.522576267562380807e-04
6.799397023346709541e-04 6.178069233506760160e-04 5.613754721892431345e-04 5.141674416718980010e-04 4.756370725267799375e-04 4.435362487271053895e-04 4.172301462915209316e-04 3.962040002512318051e-04 3.797296517055416738e-04 3.670319523711850916e-04 3.573603059615832519e-04 3.500869531212446304e-04 3.448804291601692529e-04 3.416858470560187977e-04 3.405979397293333491e-04
6.576640608135336493e-04 5.975870932411826882e-04 5.430202666690480242e-04 4.973699733301480347e-04 4.601094534396210785e-04 4.290654501439846542e-04 4.036245913329295052e-04 3.832894818373964074e-04 3.673562275375085264e-04 3.550753682898468593e-04 3.457210977986420746e-04 3.386863485778233334e-04 3.336505866027203427e-04 3.305607628540945431e-04 3.295085276710499789e-04
6.364673494992479459e-04 5.783456319124766296e-04 5.255523276958899400e-04 4.813837595206113301e-04 4.453311972587399234e-04 4.152925594597938071e-04 3.906748557635701755e-04 3.709971950012536145e-04 3.555787522053779578e-04 3.436944963230089160e-04 3.346422000727372528e-04 3.278344790650251092e-04 3.229611968014173122e-04 3.199710512438576847e-04 3.189527584648396046e-04
6.162809170319439537e-04 5.600203467870615726e-04 5.089153086018612712e-04 4.661573258213944711e-04 4.312547925132470864e-04 4.021733567156195264e-04 3.783394096226837516e-04 3.592877548361069948e-04 3.443595182580765643e-04 3.328529199320492829e-04 3.240881783327372945e-04 3.174966480123521764e-04 3.127780910251251470e-04 3.098828672096411597e-04 3.088968973074413134e-04
5.970414909334587940e-04 5.425539137628968174e-04 4.930572695054108055e-04 4.516432201466746518e-04 4.178364376524667189e-04 3.896670726106140356e-04 3.665799618931080400e-04 3.481248466739009684e-04 3.336637566333271123e-04 3.225170595499394447e-04 3.140263579736297613e-04 3.076408607648194226e-04 3.030697610265640270e-04 3.002650008138501529e-04 2.993098358246522100e-04
5.786906794515284374e-04 5.258934266902403655e-04 4.779302698608280196e-04 4.377976411389580824e-04 4.050356985432987671e-04 3.777360701350964507e-04 3.553611618299479897e-04 3.374749430982406035e-04 3.234593659218329897e-04 3.126559112645434864e-04 3.044265700802652229e-04 2.982375758036159667e-04 2.938071141077816962e-04 2.910886346197614745e-04 2.901628502965886234e-04
5.611745264238111224e-04 5.099899947649793458e-04 4.634900043095262017e-04 4.245801060247579605e-04 3.928152023159586087e-04 3.663455599703671303e-04 3.446503319504832163e-04 3.273070509429049937e-04 3.137166703086985919e-04 3.032408131737365483e-04 2.952609241788462869e-04 2.892594823009037399e-04 2.849632541096596403e-04 2.823271267869477169e-04 2.814293854699973169e-04
5.444431128086720494e-04 4.947983821003089280e-04 4.496954766511967127e-04 4.119531532142855015e-04 3.811403632138906316e-04 3.554633456218461740e-04 3.344172289052823092e-04 3.175924846974182737e-04 3.044082027709172885e-04 2.942452361120014774e-04 2.865036046876282211e-04 2.806813008691050933e-04 2.765132852350679735e-04 2.739558167791285325e-04 2.730848609076850283e-04
5.284501993734218219e-04 4.802766845003488927e-04 4.365087074403516901e-04 3.998820755514512757e-04 3.699791366792933608e-04 3.450595947863212059e-04 3.246338289509019602e-04 3.083046632147118491e-04 2.955085105623069951e-04 2.856445958846254339e-04 2.781306882825176994e-04 2.724796047801093519e-04 2.684341360237847500e-04 2.659518510287373376e-04 2.651064972282760556e-04
5.131529057517156094e-04 4.663860391102157203e-04 4.238944713013451365e-04 3.883346806553341778e-04 3.593017983977789005e-04 3.351066339107935943e-04 3.152741351723724176e-04 2.994189270208355005e-04 2.869939804042640472e-04 2.774160845188484103e-04 2.701199797560624471e-04 2.646326592847714665e-04 2.607044011466537123e-04 2.582940262484238487e-04 2.574731599342492544e-04
4.985114216995474449e-04 4.530903631748361927e-04 4.118200605584147527e-04 3.772810752525854487e-04 3.490807454474218743e-04 3.255787632917956872e-04 3.063140039703686522e-04 2.909123738736990312e-04 2.788426811324311218e-04 2.695385183612810298e-04 2.624508642593330007e-04 2.571202769673899997e-04 2.533041989859670666e-04 2.509626483762670375e-04 2.501652188217706545e-04
4.844887469097013382e-04 4.403561186177000096e-04 4.002550722096501201e-04 3.666934707938961308e-04 3.392903170596856476e-04 3.164520904002890325e-04 2.977309886429964185e-04 2.827637105160202627e-04 2.710342218343864931e-04 2.619922011258100794e-04 2.551041740834270109e-04 2.499236873313154380e-04 2.462150432264047554e-04 2.439394053963155398e-04 2.431644212198239181e-04
4.710504562010533721e-04 4.281520995630158752e-04 3.891712156460100055e-04 3.565460079865370073e-04 3.299066328116005199e-04 3.077043794067580796e-04 2.895041981633912393e-04 2.749531188243956167e-04 2.635496237589153080e-04 2.547588002329693015e-04 2.480620683674976553e-04 2.430254190370524647e-04 2.394197269025281254e-04 2.372072524955563312e-04 2.364537775248723070e-04
4.581644872928787907e-04 4.164492402803394587e-04 3.785421388375728355e-04 3.468145981673717852e-04 3.209074463376473388e-04 2.993149151309268895e-04 2.816141694884254825e-04 2.674621347780241853e-04 2.563712044892557987e-04 2.478212349860997089e-04 2.413079243188332910e-04 2.364091934085813386e-04 2.329022175401477613e-04 2.307503082078589721e-04 2.300174576861111549e-04
4.458009487147642945e-04 4.052204413381710053e-04 3.683432709868308822e-04 3.374767796935474297e-04 3.122720128825252819e-04 2.912643798565571875e-04 2.740427519362733408e-04 2.602735388622522301e-04 2.494824730559411338e-04 2.411635753063678608e-04 2.348262387023705234e-04 2.300598279917743334e-04 2.266475621943773826e-04 2.245537603593273702e-04 2.238406974596940553e-04
4.339319456975571326e-04 3.944404120193616332e-04 3.585516798893542104e-04 3.285115877471197175e-04 3.039809692175973743e-04 2.835347416390072051e-04 2.667730023460359516e-04 2.533712566882214160e-04 2.428680348236608071e-04 2.347709499019099821e-04 2.286025385059380609e-04 2.239631490945142786e-04 2.206418013306479049e-04 2.186037807715452027e-04 2.179097133918911236e-04
4.225314221467669487e-04 3.840855272823323727e-04 3.491459424509312935e-04 3.198994361400491057e-04 2.960162246188905648e-04 2.761091528957897471e-04 2.597890898850009340e-04 2.467402687541476384e-04 2.365135051244845750e-04 2.286294628794264345e-04 2.226232998169077638e-04 2.181059123647136045e-04 2.148718906195533091e-04 2.128874478025813215e-04 2.122116256141175499e-04
4.115750170224307899e-04 3.741336977532295615e-04 3.401060269919353924e-04 3.116220098714458974e-04 2.883608617568507036e-04 2.689718582118160221e-04 2.530762095016826315e-04 2.403665283992837689e-04 2.304054307298107466e-04 2.227261179223373629e-04 2.168758740584881032e-04 2.124757305725913565e-04 2.093256298248411581e-04 2.073926759130152915e-04 2.067343876397854268e-04
4.010399336434277676e-04 3.645642514093444075e-04 3.314131861279578472e-04 3.036621673331524958e-04 2.809990464808113171e-04 2.621081104142975425e-04 2.466205031383684456e-04 2.342368871110549959e-04 2.245312183580435697e-04 2.170487492605677464e-04 2.113484208320632717e-04 2.070610078596239777e-04 2.039915980584107566e-04 2.021081515378597314e-04 2.014667224462525594e-04
3.909048206036067909e-04 3.553578257671553852e-04 3.230498591539542551e-04 2.960038511856562791e-04 2.739159455970940167e-04 2.555040940799862452e-04 2.404089879178422109e-04 2.283390264414378356e-04 2.188790695063963824e-04 2.115859587452121010e-04 2.060298466977130425e-04 2.018508798004888644e-04 1.988590947587826768e-04 1.970232746270628448e-04 1.963980642066664041e-04
3.811496631351781231e-04 3.464962695221621950e-04 3.149995829800617919e-04 2.886320070365067233e-04 2.670976518410866896e-04 2.491468557316197903e-04 2.344294906072848879e-04 2.226613958722950158e-04 2.134379209752098011e-04 2.063270584185072465e-04 2.009097493001008993e-04 1.968351586977607382e-04 1.939180858217881076e-04 1.921281052888547706e-04 1.915185051078392676e-04
3.717556838846128742e-04 3.379625527049340402e-04 3.072469107731979677e-04 2.815325091499307404e-04 2.605311153325683550e-04 2.430242400630484834e-04 2.286705877397741038e-04 2.171931560427014303e-04 2.081973905232834151e-04 2.012620180371888878e-04 1.959783663126752338e-04 1.920042835934905286e-04 1.891591543756011655e-04 1.874133150329554409e-04 1.868187467528458379e-04
3.627052521802154620e-04 3.297406845207514125e-04 2.997773375515455120e-04 2.746920925011075683e-04 2.542040808815870800e-04 2.371248316050062811e-04 2.231215508417850886e-04 2.119241268156723558e-04 2.031477271542912733e-04 1.963814170667175900e-04 1.912265287309246992e-04 1.873492745383364662e-04 1.845734557478889411e-04 1.828701421657787042e-04 1.822900557019579569e-04
3.539818009706232260e-04 3.218156381306808188e-04 2.925772320608075014e-04 2.680982905630737443e-04 2.481050305808516366e-04 2.314379013072647437e-04 2.177722962748909882e-04 2.068447397183347089e-04 1.982797655885051792e-04 1.916764007161242357e-04 1.866456180962203508e-04 1.828616907086477847e-04 1.801526762218173307e-04 1.784903509382569230e-04 1.779242227538621623e-04
3.455697507017385628e-04 3.141732817116503745e-04 2.856337743331493388e-04 2.617393782798936651e-04 2.422231311810616882e-04 2.259533575690853805e-04 2.126133392525281478e-04 2.019459943394681634e-04 1.935848845217697206e-04 1.871386396292554547e-04 1.822275272765629085e-04 1.785335920057198704e-04 1.758889952207795060e-04 1.742661940896127507e-04 1.737135256116700279e-04
3.374544394773239969e-04 3.068003152033660428e-04 2.789348983932667852e-04 2.556043197376182052e-04 2.365481857989410646e-04 2.206617012994367157e-04 2.076357516391761249e-04 1.972194183123687360e-04 1.890549683157702549e-04 1.827602928888447066e-04 1.779646244700598830e-04 1.743575038101113168e-04 1.717750505997940906e-04 1.701903784681271673e-04 1.696506946158207036e-04
3.296220589172256543e-04 2.996842122120318952e-04 2.724692396321660623e-04 2.496827200957439782e-04 2.310705895548829079e-04 2.155539846322549900e-04 2.028311231803708479e-04 1.926570305498904935e-04 1.846823718008506099e-04 1.785339740257333666e-04 1.738497201318813272e-04 1.703263845980917859e-04 1.678039067551556672e-04 1.662560334432547457e-04 1.657288812591717526e-04
3.220595951879792252e-04 2.928131665957803059e-04 2.662260864189000802e-04 2.439647813871465259e-04 2.257812887788334863e-04 2.106217729607819166e-04 1.981915258483269186e-04 1.882513074329546200e-04 1.804598879055791677e-04 1.744527197573618818e-04 1.698760365563522221e-04 1.664335961575424505e-04 1.639690252937165858e-04 1.624566818529514923e-04 1.619416292289898218e-04
3.147547747344075835e-04 2.861760433054079985e-04 2.601953355645334203e-04 2.384412618346100268e-04 2.206717434600067760e-04 2.058571099893717409e-04 1.937094810201667302e-04 1.839951516843457236e-04 1.763807178564515978e-04 1.705099612078231916e-04 1.660371798732443742e-04 1.626728761674595114e-04 1.602642380295796849e-04 1.587862132562197382e-04 1.582828477466022331e-04
3.076960142886190513e-04 2.797623330972239257e-04 2.543674512916673110e-04 2.331034383676705536e-04 2.157338926488475692e-04 2.012524855316568349e-04 1.893779292343578222e-04 1.798818636867071763e-04 1.724384437170497749e-04 1.666994973867924493e-04 1.623271142416620350e-04 1.590383129290131236e-04 1.566837220994231339e-04 1.552388592840982283e-04 1.547467869986218010e-04
3.008723747752857719e-04 2.735621107732185407e-04 2.487334273975679174e-04 2.279430720551603234e-04 2.109601225488228415e-04 1.968008058110703356e-04 1.851902022963856237e-04 1.759051150277379761e-04 1.686270030590063056e-04 1.630154707268817872e-04 1.587401380465376492e-04 1.555243220572949869e-04 1.532219770085287017e-04 1.518091709029630422e-04 1.513280154742222439e-04
2.942735187698621978e-04 2.675659966379151443e-04 2.432847523298421115e-04 2.229523761970021820e-04 2.063432370615822509e-04 1.924953660438458343e-04 1.811399975273236568e-04 1.720589240770312557e-04 1.649406655776500176e-04 1.594523444987668655e-04 1.552708619220166111e-04 1.521256249617260854e-04 1.498738034381252133e-04 1.484919974223833459e-04 1.480213990412581509e-04
2.878896712000902393e-04 2.617651208917337559e-04 2.380133769211335729e-04 2.181239868439122770e-04 2.018764305721727813e-04 1.883298251061295444e-04 1.772213539691354725e-04 1.683376334181162551e-04 1.613740114834814735e-04 1.560048819410847574e-04 1.519141884431646737e-04 1.488372289598996218e-04 1.466342836612175135e-04 1.452824670961543670e-04 1.448220816103565106e-04
2.817115830111630828e-04 2.561510907078420429e-04 2.329116845538778098e-04 2.134509355360788196e-04 1.975532627816269679e-04 1.842981821060237315e-04 1.734286303785440085e-04 1.647358889763159010e-04 1.579219115169549006e-04 1.526681269578474833e-04 1.486652933427621637e-04 1.456544088846320429e-04 1.434987634288198226e-04 1.421759691797557640e-04 1.417254672506696226e-04
2.757304975417682199e-04 2.507159597637531059e-04 2.279724635481039869e-04 2.089266240718858959e-04 1.933676354127143954e-04 1.803947546985347125e-04 1.697564848574054650e-04 1.612486206982842050e-04 1.545795084486262043e-04 1.494373862502032209e-04 1.455196081236334409e-04 1.425726900573972807e-04 1.404628352017200108e-04 1.391681373205525592e-04 1.387272036340193707e-04
2.699381193822324014e-04 2.454522000206318466e-04 2.231888815849124980e-04 2.045448011356901751e-04 1.893137706311356276e-04 1.766141589967488317e-04 1.661998559819041852e-04 1.578710246527245979e-04 1.513421999397791449e-04 1.463082127619678432e-04 1.424728039492219333e-04 1.395878325133142171e-04 1.375223226147063548e-04 1.362548341687495510e-04 1.358231666958071725e-04
2.643265855074842965e-04 2.403526755627185239e-04 2.185544619958312753e-04 2.002995406296667407e-04 1.853861910392357851e-04 1.729512909462969396e-04 1.627539453058046541e-04 1.545985464340173779e-04 1.482056226503359892e-04 1.432763903296409660e-04 1.395207767060919319e-04 1.366958163736035567e-04 1.346732660707671469e-04 1.334321371075918874e-04 1.330094464115203390e-04
2.588884384968377227e-04 2.354106183267161065e-04 2.140630617640439256e-04 1.961852215691515687e-04 1.815797011125744277e-04 1.694013090425087467e-04 1.594142011245442672e-04 1.514268657614427035e-04 1.451656374913465732e-04 1.403379194377467310e-04 1.366596331418934809e-04 1.338928282710724540e-04 1.319119093722735463e-04 1.306963250107049507e-04 1.302823335970237949e-04
2.536166016698905242e-04 2.306196055666343762e-04 2.097088510976234947e-04 1.921965094138189086e-04 1.778893699616004213e-04 1.659596182807216520e-04 1.561763033973563954e-04 1.483518821765335001e-04 1.422183159287731050e-04 1.374890039894289021e-04 1.338856779911667993e-04 1.311752487428429230e-04 1.292346873046698185e-04 1.280438659429093858e-04 1.276383076492537965e-04
2.485043559834001787e-04 2.259735389136608482e-04 2.054862944476504836e-04 1.883283387186376412e-04 1.743105153113750630e-04 1.626218552401676939e-04 1.530361497339438614e-04 1.453697017499423728e-04 1.393599272537530606e-04 1.347260390104099441e-04 1.311954020093183786e-04 1.285396405123235425e-04 1.266382140958706329e-04 1.254714057284382243e-04 1.250740251514843046e-04
2.435453185479778584e-04 2.214666249032829794e-04 2.013901328555341315e-04 1.845758969990083558e-04 1.708386886019395002e-04 1.593838742108194323e-04 1.499898423606322326e-04 1.424766247171744442e-04 1.365869267421499086e-04 1.320455992117793844e-04 1.285854708422563949e-04 1.259827375894345040e-04 1.241192726814572568e-04 1.229757573173160298e-04 1.225863092741585512e-04
2.387334226360581283e-04 2.170933568532922671e-04 1.974153675241819791e-04 1.809346097138936577e-04 1.674696611205828177e-04 1.562417342806439078e-04 1.470336759885070867e-04 1.396691339697161602e-04 1.338959446330687387e-04 1.294444283437134612e-04 1.260527146656281142e-04 1.235014351244070820e-04 1.216748047119864460e-04 1.205538908868229676e-04 1.201721399084091317e-04
2.340628990639614048e-04 2.128484979865834128e-04 1.935572445169666958e-04 1.774001262792456346e-04 1.641994110851137487e-04 1.531916873079994452e-04 1.441641265128714789e-04 1.369438843345667229e-04 1.312837758622105206e-04 1.269194292782015773e-04 1.235941185334158126e-04 1.210927799561795559e-04 1.193019012443345884e-04 1.182029246205133777e-04 1.178286444749287434e-04
2.295282588411303891e-04 2.087270657019445587e-04 1.898112404968358140e-04 1.739683070316998541e-04 1.610241116042945809e-04 1.502301667104809539e-04 1.413778404795295728e-04 1.342976925810229598e-04 1.287473704915351484e-04 1.244676547642680994e-04 1.212068133809058462e-04 1.187539618015531886e-04 1.169977940640605225e-04 1.159201161122843125e-04 1.155530893558581041e-04
2.251242769888899356e-04 2.047243169044314756e-04 1.861730494255077755e-04 1.706352110694340206e-04 1.579401194479942159e-04 1.473537770074600248e-04 1.386716252589783693e-04 1.317275280988589893e-04 1.262838247817612365e-04 1.220862988040506041e-04 1.188880676317973021e-04 1.164823050359206359e-04 1.147598475903582410e-04 1.137028543475185560e-04 1.133428719018694157e-04
2.208459774394701865e-04 2.008357343144932827e-04 1.826385701495618081e-04 1.673970849033574126e-04 1.549439645653916944e-04 1.445592840589434369e-04 1.360424398746347733e-04 1.292305041968199093e-04 1.238903728588078561e-04 1.197726886025249132e-04 1.166352793635100647e-04 1.142752610205945558e-04 1.125855513193034903e-04 1.115486522174334458e-04 1.111955129707256520e-04
2.166886189336225167e-04 1.970570136819071094e-04 1.792038948064500307e-04 1.642503518574745880e-04 1.520323402948010698e-04 1.418436059482451703e-04 1.334873864357971846e-04 1.268038699746845081e-04 1.215643789294281086e-04 1.175242770476590197e-04 1.144459689886513952e-04 1.121304009355674191e-04 1.104725127648624125e-04 1.094551395264840366e-04 1.091086499572892557e-04
2.126476818420454970e-04 1.933840518367904249e-04 1.758652979890995257e-04 1.611916021624089476e-04 1.492020942134305943e-04 1.392038044603750662e-04 1.310037021301827496e-04 1.244450027260745120e-04 1.193033300050448355e-04 1.153386356814170501e-04 1.123177724141273580e-04 1.100454090799936151e-04 1.084184508605249577e-04 1.074200564560397111e-04 1.070800302783235205e-04
2.087188558420739846e-04 1.898129355156271552e-04 1.726192266128840518e-04 1.582175836907461744e-04 1.464502195796979391e-04 1.366370771120592779e-04 1.285887517346387128e-04 1.221514008327583456e-04 1.171048290962082146e-04 1.132134481253201650e-04 1.102484346425886767e-04 1.080180766058252208e-04 1.064211897875199584e-04 1.054412474506113479e-04 1.051075052784724049e-04
2.048980283867665318e-04 1.863399309053625531e-04 1.694622904333912021e-04 1.553251932870930853e-04 1.437738473246339397e-04 1.341407496929402819e-04 1.262400206060484541e-04 1.199206771144284954e-04 1.149665888431947278e-04 1.111465039272681554e-04 1.082358037838147580e-04 1.060462956528740707e-04 1.044786531983708789e-04 1.035166554956875852e-04 1.031890245265785398e-04
2.011812739086653724e-04 1.829614738532926623e-04 1.663912531676399822e-04 1.525114686496029613e-04 1.411702385524620234e-04 1.317122692808158821e-04 1.239551081175476041e-04 1.177505526008792292e-04 1.128864255510821552e-04 1.091356927990412979e-04 1.062778254462796329e-04 1.041280538561714517e-04 1.025888588071055503e-04 1.016443167587625620e-04 1.013226304740138877e-04
1.975648437052025797e-04 1.796741606947193325e-04 1.634030241752309435e-04 1.497735807232304802e-04 1.386367775136772534e-04 1.293491976967835427e-04 1.217317215080014603e-04 1.156388506961873009e-04 1.108622536002026968e-04 1.071789992163806130e-04 1.043725374815604348e-04 1.022614291988479461e-04 1.007499133197512967e-04 9.982235556743928250e-05 9.950645344899373208e-05
1.940451564569914899e-04 1.764747396542011462e-04 1.604946506594280683e-04 1.471088265681644335e-04 1.361709650168935355e-04 1.270492053688996030e-04 1.195676701152594137e-04 1.135834917069395556e-04 1.088920802052054061e-04 1.052744973557980207e-04 1.025180650564313215e-04 1.004445851859093488e-04 9.896000768086543923e-05 9.804897970058607198e-05 9.773870696292708807e-05
1.906187893341305386e-04 1.733601027797568262e-04 1.576633103513437432e-04 1.445146226698064960e-04 1.337704122484149991e-04 1.248100655754576542e-04 1.174608599660534363e-04 1.115824877087740993e-04 1.069740004980950101e-04 1.034203463443227376e-04 1.007126160294969660e-04 9.867576631623725897e-05 9.721741261377376988e-05 9.632247597043304692e-05 9.601768330676646059e-05
1.872824696491966082e-04 1.703272783725879040e-04 1.549063046433186118e-04 1.419884986593145072e-04 1.314328349709376986e-04 1.226296490412757967e-04 1.154092886975449883e-04 1.096339377275307967e-04 1.051061929125488974e-04 1.016147858002658871e-04 9.895447661103479284e-05 9.695329383193280256e-05 9.552047443395611764e-05 9.464120607523908478e-05 9.434174941704866462e-05
1.840330670188456373e-04 1.673734238778216347e-04 1.522210521402368895e-04 1.395280914161563116e-04 1.291560480750222157e-04 1.205059188624579765e-04 1.134110407874796785e-04 1.077360232131595303e-04 1.032869148485937854e-04 9.985613164479926974e-05 9.724200728638821001e-05 9.527556172575039884e-05 9.386761111661530747e-05 9.300360270374852581e-05 9.270934299291303915e-05
1.808675859988961919e-04 1.644958192044511445e-04 1.496050825999474727e-04 1.371311395263320829e-04 1.269379604590253896e-04 1.184369257370002023e-04 1.114642830716953043e-04 1.058870037862300485e-04 1.015144985983401502e-04 9.814277216570589744e-05 9.557363898477000462e-05 9.364103298886320781e-05 9.225730860094257825e-05 9.140816587411346574e-05 9.111896884682301725e-05
1.777831591604790284e-04 1.616918604451086580e-04 1.470560312361773370e-04 1.347954780719560998e-04 1.247765702150474337e-04 1.164208034803502329e-04 1.095672605293606750e-04 1.040852132384295354e-04 9.978734751495675105e-05 9.647316431609544835e-05 9.394786947673176988e-05 9.204823608255991091e-05 9.068811731492892653e-05 8.985345949128536124e-05 8.956919547305238600e-05
1.747770405773095624e-04 1.589590539685375049e-04 1.445716333593601792e-04 1.325190337297353909e-04 1.226699601001618358e-04 1.144557648066222498e-04 1.077182923178189453e-04 1.023290557698619161e-04 9.810393240842448296e-05 9.484583023218500679e-05 9.236325998483011532e-05 9.049576161872726634e-05 8.915864890580459438e-05 8.833810810809989886e-05 8.805865181920360897e-05
1.718465996964091164e-04 1.562950108596951218e-04 1.421497193326526039e-04 1.302998201575867091e-04 1.206162932737611367e-04 1.125400973576271989e-04 1.059157680402785705e-04 1.006170024472485152e-04 9.646278815285085745e-05 9.325935395544708790e-05 9.081843199318464274e-05 8.898225923510984215e-05 8.766757316231418623e-05 8.686079387639015483e-05 8.658602424714072719e-05
1.689893155666855528e-04 1.536974416842902460e-04 1.397882098221295982e-04 1.281359336501882546e-04 1.186138092832933309e-04 1.106721599632132621e-04 1.041581442308492161e-04 9.894758786833334461e-05 9.486251049126795149e-05 9.171237834552724939e-05 8.931206424269706029e-05 8.750643465239334043e-05 8.621361511606609744e-05 8.542025367549049050e-05 8.515005367074075370e-05
1.662027714016769974e-04 1.511641515562951743e-04 1.374851113216987828e-04 1.260255490456915479e-04 1.166608202819762255e-04 1.088503791176425152e-04 1.024439410425740331e-04 9.731940701887707907e-05 9.330175302487806897e-05 9.020360217134377101e-05 8.784288989968244384e-05 8.606704690111280961e-05 8.479555231014383136e-05 8.401527640642976870e-05 8.374953285879464609e-05
1.634846494545265437e-04 1.486930354885480346e-04 1.352385119347237607e-04 1.239669158671284600e-04 1.147557074632895652e-04 1.070732456578511944e-04 1.007717391251628902e-04 9.573111230963451523e-05 9.177922437467865731e-05 8.873177736870811597e-05 8.640969388656470802e-05 8.466290570727668427e-05 8.341221222403604060e-05 8.264470044097124604e-05 8.238330389225977275e-05
1.608327261848539703e-04 1.462820740080237691e-04 1.330465773956531264e-04 1.219583546832562218e-04 1.128969176981572367e-04 1.053393116304779083e-04 9.914017668010927998e-05 9.418141078162721783e-05 9.029368550427095306e-05 8.729570645365673310e-05 8.501131036411710006e-05 8.329286902640605417e-05 8.206246984474111763e-05 8.130741121545456349e-05 8.105025576584199570e-05
1.582448676986719855e-04 1.439293290186885660e-04 1.309075473161730810e-04 1.199982536746855449e-04 1.110829603617520279e-04 1.036471873354949955e-04 9.754794668175937114e-05 9.266906146887116124e-05 8.884394719347480718e-05 8.589424008146905639e-05 8.364662035549202447e-05 8.195584071643225918e-05 8.074524537463513443e-05 8.000233896011610325e-05 7.974932212462113772e-05
1.557190254438530429e-04 1.416329398960813088e-04 1.288197316415109540e-04 1.180850653921626102e-04 1.093124043377973744e-04 1.019955385351528615e-04 9.599379425372924716e-05 9.119287290850046368e-05 8.742886765311635034e-05 8.452627474206474807e-05 8.231454950298388511e-05 8.065076834058872548e-05 7.945950206737310828e-05 7.872845655523825874e-05 7.847947912709507339e-05
1.532532321449040804e-04 1.393911197989028340e-04 1.267815073035472246e-04 1.162173036948057286e-04 1.075838751891044863e-04 1.003830838177538894e-04 9.447651419082118236e-05 8.975170078894200126e-05 8.604735027203919530e-05 8.319075058314099095e-05 8.101406594911649581e-05 7.937664109205950526e-05 7.820424418370984477e-05 7.748477750609285264e-05 7.723974342663436404e-05
1.508455979619580892e-04 1.372021521839347574e-04 1.247913150583387302e-04 1.143935408569691836e-04 1.058960524838834676e-04 9.880859210651294234e-05 9.299494861728511736e-05 8.834444572746145703e-05 8.469834148802844157e-05 8.188664935301581097e-05 7.974417833423779942e-05 7.813248783273119122e-05 7.697851505970488184e-05 7.627035402921360555e-05 7.602917026390685533e-05
1.484943068599554601e-04 1.350643875115738071e-04 1.228476564965249869e-04 1.126124048331972777e-04 1.042476672680977434e-04 9.727088030444793008e-05 9.154798477291811449e-05 8.697005116900677834e-05 8.338082877491497945e-05 8.061299245571397162e-05 7.850393390335791682e-05 7.691737523893457890e-05 7.578139528030288614e-05 7.508427524305407168e-05 7.484685166335037902e-05
1.461976131749661342e-04 1.329762401301536989e-04 1.209490912158999018e-04 1.108725766714703059e-04 1.026374996748164158e-04 9.576881106687392244e-05 9.013455291908256380e-05 8.562750139884014306e-05 8.209383873866932593e-05 7.936883911134640925e-05 7.729241671546804523e-05 7.573040604755229305e-05 7.461200095176925883e-05 7.392566545657301886e-05 7.369191472725803306e-05
1.439538383655095512e-04 1.309361853280493289e-04 1.190942341461654236e-04 1.091727880656198320e-04 1.010643766621360313e-04 9.430129069365725985e-05 8.875362435727796430e-05 8.431581966196751246e-05 8.083643531579062672e-05 7.815328461531686479e-05 7.610874594904854006e-05 7.457071739633286270e-05 7.346948206691077403e-05 7.279368254973563621e-05 7.256352002148116088e-05
1.417613679375626741e-04 1.289427565433092003e-04 1.172817530165778076e-04 1.075118190384202098e-04 9.952716987183202549e-05 9.286726713392453594e-05 8.740420955339791426e-05 8.303406638285487933e-05 7.960771806775485940e-05 7.696545869033317208e-05 7.495207429790253016e-05 7.343747925266754840e-05 7.235302095742868049e-05 7.168751644032754814e-05 7.146086004716888237e-05
1.396186485327217920e-04 1.269945427212654547e-04 1.155103659578231919e-04 1.058884957474376620e-04 9.802479360142405979e-05 9.146572809642014297e-05 8.608535636128099256e-05 8.178133747936321629e-05 7.840682056571106329e-05 7.580452392560974614e-05 7.382158645185402167e-05 7.232989292548293477e-05 7.126183082813387839e-05 7.060638763186514522e-05 7.038315779334095479e-05
1.375241851696915171e-04 1.250901858112191231e-04 1.137788392300511964e-04 1.043016884062590973e-04 9.655620288284407155e-05 9.009569925916350902e-05 8.479614833958919401e-05 8.055676276524370029e-05 7.723290886000775627e-05 7.466967429802555064e-05 7.271649765721517372e-05 7.124718965525858366e-05 7.019515436811272200e-05 6.954954583773383862e-05 6.932966536544378521e-05
1.354765386299425028e-04 1.232283783938897283e-04 1.120859850695349569e-04 1.027503093142147754e-04 9.512039166134397925e-05 8.875624257248473806e-05 8.353570315644915582e-05 7.935950443591668598e-05 7.608518002949417498e-05 7.356013377035675092e-05 7.163605235227162320e-05 7.018862927751702997e-05 6.915226243425780142e-05 6.851626867701381650e-05 6.829966268536193910e-05
1.334743229789824427e-04 1.214078614318809174e-04 1.104306596469268692e-04 1.012333109881674126e-04 9.371639106871012496e-05 8.744645464991408713e-05 8.230317107666687212e-05 7.818875563260445209e-05 7.496286080587702318e-05 7.247515496202391189e-05 7.057952287334785292e-05 6.915349895544092222e-05 6.813245280288666138e-05 6.750586043775468157e-05 6.729245625866304493e-05
1.315162032152597028e-04 1.196274221359197647e-04 1.088117611305470291e-04 9.974968439036924293e-05 9.234326778524250062e-05 8.616546524175962664e-05 8.109773352666066297e-05 7.704373908021905045e-05 7.386520626872676099e-05 7.141401788809716297e-05 6.954620822731118158e-05 6.814111197755966796e-05 6.713504898545065143e-05 6.651765090374072396e-05 6.630737800512663093e-05
1.296008930392366959e-04 1.178858919401079677e-04 1.072282278485716588e-04 9.829845724677752300e-05 9.100012248531686809e-05 8.491243578655323571e-05 7.991860173258455262e-05 7.592370579470420031e-05 7.279149860701478137e-05 7.037602876258129757e-05 6.853543292664167287e-05 6.715080661671473858e-05 6.615939910460074183e-05 6.555099424104693525e-05 6.534378414887304608e-05
1.277271527356609840e-04 1.161821445798614903e-04 1.056790365443879473e-04 9.687869245058915375e-05 8.968608836169237458e-05 8.368655803585477366e-05 7.876501542740334174e-05 7.482793385581112836e-05 7.174104594333163463e-05 6.936051886226158691e-05 6.754654588344880211e-05 6.618194504675780482e-05 6.520487482711795444e-05 6.460526794092760587e-05 6.440105416464269651e-05
1.258937871625135795e-04 1.145150942666279208e-04 1.041632007197517313e-04 9.548948654608969272e-05 8.840032972403225108e-05 8.248705274819746389e-05 7.763624162295635700e-05 7.375572724154908671e-05 7.071318121718527232e-05 6.836684344763153726e-05 6.657891935904872735e-05 6.523391231366690367e-05 6.427087035044375389e-05 6.367987181580282957e-05 6.347858977700254909e-05
1.240996438405310388e-04 1.128836939538452441e-04 1.026797690607356649e-04 9.412996828823113683e-05 8.714204066740355401e-05 8.131316844822741147e-05 7.653157344330261140e-05 7.270641472079278713e-05 6.970726112400990864e-05 6.739438073764686681e-05 6.563194796593428866e-05 6.430611535797671507e-05 6.335680143975351824e-05 6.277422704531487353e-05 6.257581400946109012e-05
1.223436111375904485e-04 1.112869336889658965e-04 1.012278239417639089e-04 9.279929727364363910e-05 8.591044380678717382e-05 8.016418024734389268e-05 7.545032901587345599e-05 7.167934880074976049e-05 6.872266510672893922e-05 6.644253093525794235e-05 6.470504771917066748e-05 6.339798208561827589e-05 6.246210451271114747e-05 6.188777526961961874e-05 6.169217028066709444e-05
1.206246165426067387e-04 1.097238390466918456e-04 9.980648000333867107e-05 9.149666263905585574e-05 8.470478907388105877e-05 7.903938872237746115e-05 7.439185041718263732e-05 7.067390472620463111e-05 6.775879439691716852e-05 6.551071530086433135e-05 6.379765513443725873e-05 6.250896048444564530e-05 6.158623576922517739e-05 6.101997772725818454e-05 6.082712154504459675e-05
1.189416250239278623e-04 1.081934696388777128e-04 9.841488279933395652e-05 9.022128182335823171e-05 8.352435257271679885e-05 7.793811884906310327e-05 7.335550267004263948e-05 6.968947952764594726e-05 6.681507110279212786e-05 6.459837527101672922e-05 6.290922637011219334e-05 6.163851778389957284e-05 6.072867036369328578e-05 6.017031443511967355e-05 5.998014947538349864e-05
1.172936374675300462e-04 1.066949176968358729e-04 9.705220750999012623e-05 8.897239938976980625e-05 8.236843549082144538e-05 7.685971898726786560e-05 7.234067278943190165e-05 6.872549111556529246e-05 6.589093734143689819e-05 6.370497161985542577e-05 6.203923641095601758e-05 6.078613965541547747e-05 5.988890161737943645e-05 5.933828340816102079e-05 5.915075368506039430e-05
1.156796891906017929e-04 1.052273067220493982e-04 9.571765771698539959e-05 8.774928590479597545e-05 8.123636306286359282e-05 7.580355991511887343e-05 7.134676887433100156e-05 6.778137741838367587e-05 6.498585441281801872e-05 6.282998366093309347e-05 6.118717829110496538e-05 5.995132945133301098e-05 5.906644026871417917e-05 5.852339991669581678e-05 5.833845098770638389e-05
1.140988485263809177e-04 1.037897902015376183e-04 9.441046423717845617e-05 8.655123687086594460e-05 8.012748358390886559e-05 7.476903390935615986e-05 7.037321924301100584e-05 6.685659556161857445e-05 6.409930201331170909e-05 6.197290848721141265e-05 6.035256235422245465e-05 5.913360748020038426e-05 5.826081375944423666e-05 5.772519577919630842e-05 5.754277469227517895e-05
1.125502154763602364e-04 1.023815503843545412e-04 9.312988401183124824e-05 8.537757170972648188e-05 7.904116746958537705e-05 7.375555386939400770e-05 6.941947160941320453e-05 6.595062108605014744e-05 6.323077748659191525e-05 6.113326024715798346e-05 5.953491554879086355e-05 5.833251031649726071e-05 5.747156555468323013e-05 5.694321868868096087e-05 5.676327393158750158e-05
1.110329204262130607e-04 1.010017971159107847e-04 9.187519904830778123e-05 8.422763279384871135e-05 7.797680636062506840e-05 7.276255248273206817e-05 6.848499229839948585e-05 6.506294720278012666e-05 6.237979510986258727e-05 6.031056945499515892e-05 5.873378075664689691e-05 5.754759014291872099e-05 5.669825449503497521e-05 5.617703157087364940e-05 5.599951302254666213e-05
1.095461229220101606e-04 9.964976672700800889e-05 9.064571541143131878e-05 8.310078452327007866e-05 7.693381226939743098e-05 7.178948142949642024e-05 6.756926549778920264e-05 6.419308408320579802e-05 6.154588541353922038e-05 5.950438233326920236e-05 5.794871615297799930e-05 5.677841412347365630e-05 5.594045417906991907e-05 5.542621197243325937e-05 5.525107085632647913e-05
1.080890105035034097e-04 9.832472097466475136e-05 8.944076226184514012e-05 8.199641244544535635e-05 7.591161676619662612e-05 7.083581062402255978e-05 6.667179254522070757e-05 6.334055818204714649e-05 6.072859453259756989e-05 5.871426018601820507e-05 5.717929459610445798e-05 5.602456380575846596e-05 5.519775237453790882e-05 5.469035147765108790e-05 5.451754031693647660e-05
1.066607975914448335e-04 9.702594603198149890e-05 8.825969093888700657e-05 8.091392241582612407e-05 7.490967020317466582e-05 6.990102749152052829e-05 6.579209124799383047e-05 6.250491159167818412e-05 5.992748358791287532e-05 5.793977880091964381e-05 5.642510304547109125e-05 5.528563455086044813e-05 5.446975045679747695e-05 5.396905515210996822e-05 5.379852772666246106e-05
1.052607244260857200e-04 9.575275152445855047e-05 8.710187408562558066e-05 7.985273979702377852e-05 7.392744097393669982e-05 6.898463627797224765e-05 6.492969523415727338e-05 6.168570142611475807e-05 5.914212809601273029e-05 5.718052787889315610e-05 5.568574200636413398e-05 5.456123498943911637e-05 5.375606287303038189e-05 5.326194101188886423e-05 5.309365231696932906e-05
1.038880560541675929e-04 9.450446961032752822e-05 8.596670481385143006e-05 7.881230869453203038e-05 7.296441480693326967e-05 6.808615739152488740e-05 6.408415333320650203e-05 6.088249923310862639e-05 5.837211740575702813e-05 5.643611048972322573e-05 5.496082499995850801e-05 5.385098650261743649e-05 5.305631663089395021e-05 5.256863951697662889e-05 5.240254572353721888e-05
1.025420813618746301e-04 9.328045410260182250e-05 8.485359590693966061e-05 7.779209122710848518e-05 7.202009409088931397e-05 6.720512677374016462e-05 6.325502898485320369e-05 6.009489043288672363e-05 5.761705416054819877e-05 5.570614255235155376e-05 5.424997805737842907e-05 5.315452272639441619e-05 5.237015081034303619e-05 5.188879308763938653e-05 5.172485150417582573e-05
1.012221121513571717e-04 9.208007963068156460e-05 8.376197905862052572e-05 7.679156683001761943e-05 7.109399723061258624e-05 6.634109529915632329e-05 6.244189967441493051e-05 5.932247378215951318e-05 5.687655378475046724e-05 5.499025233856350377e-05 5.355283923653209380e-05 5.247148907836588627e-05 5.169721609742536443e-05 5.122205564255620779e-05 5.106022467843883363e-05
9.992748225857563745e-05 9.090274083946969081e-05 8.269130414580722478e-05 7.581023158944481322e-05 7.018565803161886545e-05 6.549362820170715664e-05 6.164435639345776309e-05 5.856486086210003323e-05 5.615024399307732531e-05 5.428807999886947340e-05 5.286905816055222556e-05 5.180154230560686177e-05 5.103717433892243470e-05 5.056809215760627464e-05 5.040833128782249475e-05
9.865754671033905596e-05 8.974785162407275497e-05 8.164103853373457973e-05 7.484759760648363694e-05 6.929462511209827889e-05 6.466230452662510668e-05 6.086200312440022826e-05 5.782167558906956527e-05 5.543776432177334381e-05 5.359927710944726572e-05 5.219829557673935779e-05 5.114435005263791485e-05 5.038969811677347752e-05 4.992657824425455809e-05 4.976884797550048162e-05
9.741168091852575324e-05 8.861484439826803868e-05 8.061066641175751251e-05 7.390319238918802288e-05 6.842046134083071642e-05 6.384671660653013598e-05 6.009445634786100018e-05 5.709255374693377258e-05 5.473876568048349078e-05 5.292350623907579355e-05 5.154022293496664790e-05 5.049959044845485774e-05 4.975447034127765584e-05 4.929719974654083321e-05 4.914146158460250632e-05
9.618927990959132450e-05 8.750316939501130221e-05 7.959968815824990183e-05 7.297655827126522227e-05 6.756274329973370831e-05 6.304646956048044293e-05 5.934134457159954485e-05 5.637714253987787639e-05 5.405290992376471674e-05 5.226044053505176095e-05 5.089452198456475462e-05 4.986695171165977713e-05 4.913118386212725900e-05 4.867965235573377622e-05 4.852586877410136558e-05
9.498975758755929014e-05 8.641229399736053991e-05 7.860761973312882999e-05 7.206725185606013611e-05 6.672106076980001334e-05 6.226118081482739063e-05 5.860230787996053870e-05 5.567510016468808564e-05 5.337986944125144162e-05 5.160976332713297459e-05 5.026088438875654684e-05 4.924613177278382885e-05 4.851954109637582281e-05 4.807364124176252105e-05 4.792177565142375690e-05
9.381254602879409484e-05 8.534170209827015565e-05 7.763399209660649340e-05 7.117484348455682479e-05 6.589501623924531881e-05 6.149047964477662382e-05 5.787699750279499679e-05 5.498609540152463697e-05 5.271932676554030688e-05 5.097116774860708236e-05 4.963901135576459891e-05 4.863683791294160695e-05 4.791925367249414303e-05 4.747888070058644183e-05 4.732889742094870876e-05
9.265709480693361591e-05 8.429089348779149240e-05 7.667835065284433961e-05 7.029891672618557340e-05 6.508422443275212958e-05 6.073400673561986580e-05 5.716507540288058012e-05 5.430980722226074619e-05 5.207097419690962615e-05 5.034435637363033093e-05 4.902861328575847984e-05 4.803878641800330551e-05 4.733004208971257717e-05 4.689509381670939662e-05 4.674695804760168287e-05
9.152287034644222385e-05 8.325938326628760022e-05 7.574025471725098400e-05 6.943906789128906386e-05 6.428831186074972681e-05 5.999141376265035124e-05 5.646621388091944266e-05 5.364592441551176133e-05 5.143451344403443645e-05 4.972904087002724953e-05 4.842940943285547144e-05 4.745170224751276859e-05 4.675163539189004943e-05 4.632201214008591463e-05 4.617568993479513779e-05
9.040935530331393219e-05 8.224670128233572150e-05 7.481927700622569976e-05 6.859490556415405980e-05 6.350691638772458535e-05 5.926236298882799026e-05 5.578009519723424871e-05 5.299414522752332021e-05 5.080965527990192153e-05 4.912494166678222192e-05 4.784112758142699531e-05 4.687531871762004587e-05 4.618377085518921162e-05 4.575937537670563075e-05 4.561483361600386318e-05
8.931604797152089019e-05 8.125239159404992544e-05 7.391500314820406844e-05 6.776605015556936922e-05 6.273968681860269303e-05 5.854652687930415417e-05 5.510641120932852777e-05 5.235417701812735010e-05 5.019611921217033261e-05 4.853178763549400340e-05 4.726350373599995245e-05 4.630937719733421905e-05 4.562619368887381812e-05 4.520693109217920812e-05 4.506413745929968096e-05
8.824246171385231798e-05 8.027601195260875868e-05 7.302703121491089557e-05 6.695213347391293075e-05 6.198628250228916607e-05 5.784358773195550577e-05 5.444486302451516287e-05 5.172573593101220587e-05 4.959363316725154375e-05 4.794931578509709129e-05 4.669628182407847990e-05 4.575362681743373288e-05 4.507865674857703471e-05 4.466443442767962548e-05 4.452335738420368607e-05
8.718812441584289580e-05 7.931713330681599791e-05 7.215497127176853924e-05 6.615279831381415594e-05 6.124637295148649603e-05 5.715323732311522042e-05 5.379516066685185489e-05 5.110854657758795796e-05 4.900193318742825164e-05 4.737727096918673561e-05 4.613921341123963489e-05 4.520782419140420794e-05 4.454092026141965698e-05 4.413164782762455404e-05 4.399225659024162297e-05
8.615257796151538222e-05 7.837533932755846400e-05 7.129844494644243678e-05 6.536769806147060618e-05 6.051963747794936914e-05 5.647517656771972510e-05 5.315702275765354917e-05 5.050234173375502122e-05 4.842076314034785136e-05 4.681540560531267437e-05 4.559205742788742364e-05 4.467173314779960381e-05 4.401275156238366874e-05 4.360834077851194251e-05 4.347060529661756569e-05
8.513537772969408481e-05 7.745022595105068800e-05 7.045708501453244840e-05 6.459649631572228793e-05 5.980576484235598106e-05 5.580911519311533477e-05 5.253017620887600220e-05 4.990686204891194217e-05 4.784987444025705621e-05 4.626347940562955456e-05 4.505457990706962930e-05 4.414512447344611570e-05 4.349392484137110738e-05 4.309428955834304631e-05 4.295818049244178418e-05
8.413609210964675532e-05 7.654140093976795616e-05 6.963053500143559136e-05 6.383886652401018699e-05 5.910445291799903289e-05 5.515477142578959483e-05 5.191435592868616012e-05 4.932185576655647883e-05 4.728902578036365054e-05 4.572125911831296575e-05 4.452655373278567829e-05 4.362777566692941679e-05 4.298422090039633693e-05 4.258927699608746611e-05 4.245476569697006591e-05
8.315430203480692485e-05 7.564848345996863749e-05 6.881844879940903100e-05 6.309449163234841403e-05 5.841540836750785487e-05 5.451187169030537340e-05 5.130930453854816025e-05 4.874707845584911649e-05 4.673798287572419224e-05 4.518851827916519872e-05 4.400775839822517518e-05 4.311947070181715530e-05 4.248342692037572596e-05 4.209309224066004791e-05 4.196015072932521880e-05
8.218960053329118121e-05 7.477110367468391573e-05 6.802049029885112296e-05 6.236306374843899464e-05 5.773834633181516374e-05 5.388015031971644448e-05 5.071477210115856425e-05 4.818229275351490514e-05 4.619651821606679510e-05 4.466503697284140777e-05 4.349797977338816757e-05 4.261999979908407142e-05 4.199133623698803888e-05 4.160553053888937659e-05 4.147413148718293399e-05
8.124159229386098758e-05 7.390890235100825638e-05 6.723633303278688585e-05 6.164428381703467453e-05 5.707299013056503295e-05 5.325934927673731312e-05 5.013051585856077928e-05 4.762726811545718705e-05 4.566441082795561390e-05 4.415060160313077214e-05 4.299700988153936845e-05 4.212915920820276276e-05 4.150774812508283289e-05 4.112639302195911299e-05 4.099650973390567055e-05
8.030989324586810705e-05 7.306153048044010357e-05 6.646565983348390729e-05 6.093786130661271125e-05 5.641907097313112959e-05 5.264921788491550361e-05 4.955629997974874177e-05 4.708178057744263374e-05 4.514144604569287418e-05 4.364500467171525096e-05 4.250464668394007915e-05 4.164675099636175131e-05 4.103246759110559496e-05 4.065548649980043602e-05 4.052709289360449760e-05
7.939413015155634054e-05 7.222864891089787580e-05 6.570816250003067233e-05 6.024351390634845110e-05 5.577632767935075810e-05 5.204951256900583738e-05 4.899189531703404478e-05 4.654561252418624778e-05 4.462741529033021921e-05 4.314804456480783856e-05 4.202069387228289426e-05 4.117258284525129500e-05 4.056530517299463767e-05 4.019262326289550806e-05 4.006569385359177321e-05
7.849394020883984256e-05 7.140992798883924865e-05 6.496354147555792157e-05 5.956096723226192717e-05 5.514450640899347378e-05 5.145999660367601861e-05 4.843707917038826677e-05 4.601855246611228555e-05 4.412211585611087376e-05 4.265952534702875014e-05 4.154496066821387028e-05 4.070646785482232699e-05 4.010607674696718515e-05 3.973762089091927453e-05 3.961213077365410541e-05
7.760897066230876956e-05 7.060504720962826168e-05 6.423150553256334980e-05 5.888995454123596181e-05 5.452336039883804439e-05 5.088043986955217361e-05 4.789163505887399037e-05 4.550039482298189313e-05 4.362535070359365780e-05 4.217925656181301759e-05 4.107726162926726872e-05 4.024822435336562266e-05 3.965460334055946232e-05 3.929030206759299645e-05 3.916622690152328382e-05
7.673887841967511612e-05 6.981369487386826121e-05 6.351177146446881374e-05 5.823021645133975838e-05 5.391264970601819425e-05 5.031061861543763416e-05 4.735535249812687544e-05 4.499093971344863120e-05 4.313692825859032954e-05 4.170705303753454791e-05 4.061741646043722919e-05 3.979767571316569026e-05 3.921071095119390459e-05 3.885049440103590789e-05 3.872781039383510368e-05
7.588332967007305164e-05 6.903556774679707735e-05 6.280406378104980852e-05 5.758150066650330836e-05 5.331214095597944653e-05 4.975031522527193401e-05 4.682802678262661247e-05 4.448999274940373396e-05 4.265666221587383820e-05 4.124273469837200771e-05 4.016524983046262497e-05 3.935465017084093577e-05 3.877423036941261099e-05 3.841803024876894082e-05 3.829671414173487729e-05
7.504199949945572316e-05 6.827037071691451813e-05 6.210811440464841576e-05 5.694356170300379836e-05 5.272160709291040634e-05 4.919931798799663948e-05 4.630945877115066667e-05 4.399736483367675704e-05 4.218437134634533080e-05 4.078612637869714501e-05 3.972059119167173396e-05 3.891898065126699388e-05 3.834499700570593726e-05 3.799274654632088798e-05 3.787277560008791752e-05
7.421457149656956868e-05 6.751781644862235707e-05 6.142366236298895830e-05 5.631616061434717435e-05 5.214082712978958571e-05 4.865742086788992139e-05 4.579945467328774833e-05 4.351287195919978308e-05 4.171987930594122209e-05 4.033705763939160851e-05 3.928327460188568064e-05 3.849050459364816170e-05 3.792285071954971715e-05 3.757448463807722437e-05 3.745583661894397610e-05
7.340073734031236420e-05 6.677762502154650987e-05 6.075045347274454988e-05 5.569906470978705184e-05 5.156958589408624480e-05 4.812442327200634778e-05 4.529782583409513590e-05 4.303633500705069108e-05 4.126301444393757007e-05 3.989536258392692295e-05 3.885313854634391462e-05 3.806906377779443779e-05 3.750763564877352443e-05 3.716309010853452872e-05 3.704574327543224560e-05
7.260019635515213847e-05 6.604952354594195512e-05 6.008824000542323468e-05 5.509204725964671727e-05 5.100767376344153813e-05 4.760012980991981701e-05 4.480438851274770969e-05 4.256757953970398780e-05 4.081360960733325139e-05 3.946087967114701261e-05 3.843002575677955865e-05 3.765450414786883300e-05 3.709920003661936085e-05 3.675841261137740695e-05 3.664234570352299045e-05
7.181265501477005365e-05 6.533324573842377012e-05 5.943678032306207116e-05 5.449488717732039463e-05 5.045488638294619624e-05 4.708435003868906597e-05 4.431896364907338451e-05 4.210643558410092659e-05 4.037150193644916790e-05 3.903345152027376297e-05 3.801378302344512523e-05 3.724667562960924108e-05 3.669739605263753546e-05 3.636030569260916294e-05 3.624549791791578369e-05
7.103782636358581335e-05 6.462853143394146828e-05 5.879583846462324787e-05 5.390736866251818083e-05 4.991102435124247533e-05 4.657689818227522805e-05 4.384137660869509210e-05 4.165273739636039037e-05 3.993653264437181086e-05 3.861292470135344799e-05 3.760426099373586110e-05 3.684543193498314570e-05 3.630207960159529995e-05 3.596862660204342354e-05 3.585505762640581201e-05
7.027542930843938454e-05 6.393512599611865272e-05 5.816518365305418633e-05 5.332928078149311204e-05 4.937589285539483700e-05 4.607759280850766507e-05 4.337145689222984878e-05 4.120632319531651594e-05 3.950854676869833276e-05 3.819914950052854548e-05 3.720131394747147949e-05 3.645063034482815131e-05 3.591311011129317762e-05 3.558323608425673242e-05 3.547088602189765960e-05
6.952518770308142664e-05 6.325277956454678288e-05 5.754458967430114481e-05 5.276041694491025484e-05 4.884930122200807688e-05 4.558625643619640833e-05 4.290903778496462924e-05 4.076703484412079801e-05 3.908739287688611455e-05 3.779197964294591776e-05 3.680479953274718043e-05 3.606213145418791577e-05 3.553035028455492941e-05 3.520399813460388768e-05 3.509284753978096042e-05
6.878682909596866635e-05 6.258124603613246951e-05 5.693383404660408474e-05 5.220057421736915091e-05 4.833106233002834086e-05 4.510271502640818882e-05 4.245395590743788284e-05 4.033471744506873747e-05 3.867292269383488943e-05 3.739127194446046878e-05 3.641457843536015089e-05 3.567979885469015018e-05 3.515366579067274999e-05 3.483077969613934151e-05 3.472080955670106041e-05
6.806008291652212744e-05 6.192028160162243576e-05 5.633269683795537574e-05 5.164955234365688224e-05 4.782099179014690274e-05 4.462679727774639566e-05 4.200605059791942661e-05 3.990921878687983516e-05 3.826499059696990160e-05 3.699688584181567535e-05 3.603051393471044800e-05 3.530349870920598858e-05 3.478292485317660017e-05 3.446345025529466932e-05 3.435464198890506737e-05
6.734467769313295905e-05 6.126964251320286511e-05 5.574095887384364632e-05 5.110715228295962262e-05 4.731890671791753482e-05 4.415833357976520310e-05 4.156516300114683368e-05 3.949038853373575266e-05 3.786345287910076383e-05 3.660868270959097374e-05 3.565247126031954904e-05 3.493309913718617096e-05 3.441799765528671078e-05 3.410188125945513057e-05 3.399421671390815113e-05
6.664033653174204752e-05 6.062908146726103616e-05 5.515839884424959512e-05 5.057317385285881788e-05 4.682462377042833290e-05 4.369715434567034412e-05 4.113113462293221690e-05 3.907807694415195145e-05 3.746816658803692489e-05 3.622652478818658871e-05 3.528031658440148346e-05 3.456846925422756890e-05 3.405875541226321756e-05 3.374594520905817497e-05 3.363940666925113818e-05
6.594676931048872113e-05 5.999834136505682441e-05 5.458478832086911803e-05 5.004741167936113010e-05 4.633795577889901230e-05 4.324308715962086913e-05 4.070380486327969556e-05 3.867213268962821105e-05 3.707898755505414413e-05 3.585027336579356091e-05 3.491391531598538918e-05 3.420947754777581610e-05 3.370506880400068116e-05 3.339551412445085175e-05 3.329008433091027125e-05
6.526365829128708354e-05 5.937714379755187308e-05 5.401988255542742684e-05 4.952964771744827299e-05 4.585870553210239989e-05 4.279595151391677051e-05 4.028300646929926525e-05 3.827239883766289690e-05 3.669576676763865403e-05 3.547978543636369102e-05 3.455312896731978049e-05 3.385598889516336130e-05 3.335680509881793924e-05 3.305045673337130138e-05 3.294611892225268707e-05
6.459062953977102452e-05 5.876516609820647515e-05 5.346340209404329587e-05 4.901963627756933498e-05 4.538665331445092748e-05 4.235554824964937065e-05 3.986855640697576947e-05 3.787870478542087316e-05 3.631834308494794343e-05 3.511490698782240112e-05 3.419780886095544653e-05 3.350785857558714122e-05 3.301382237815845470e-05 3.271063282379745019e-05 3.260737081009739812e-05
6.392719091870802085e-05 5.816199126279876020e-05 5.291499244508673905e-05 4.851707104262218702e-05 4.492152936689487519e-05 4.192163616253363577e-05 3.946023559771213432e-05 3.749084832686250105e-05 3.594652702511421451e-05 3.475545805203267963e-05 3.384778210448231584e-05 3.316491891872539659e-05 3.267595665574524351e-05 3.237588064671734775e-05 3.227367900314645455e-05
6.327258241648578039e-05 5.756698582734203184e-05 5.237412483176460531e-05 4.802150329774791958e-05 4.446294520398972553e-05 4.149387337222471071e-05 3.905773793446929034e-05 3.710855039375135874e-05 3.558005975047479920e-05 3.440119481605002244e-05 3.350281599723995763e-05 3.282694538743164916e-05 3.234298913222729974e-05 3.204598487784995138e-05 3.194482935231345987e-05
6.262536614031751847e-05 5.697895898968168075e-05 5.183981446424182745e-05 4.753210655758403018e-05 4.401019367253951336e-05 4.107164505148984336e-05 3.866051934606486401e-05 3.673132026532220824e-05 3.521849034799525422e-05 3.405169585086195385e-05 3.316251086240856077e-05 3.249355424923217809e-05 3.201454726005353987e-05 3.172057973365835813e-05 3.162045835955741390e-05
6.198216073421463832e-05 5.639506724514348603e-05 5.130968191595899539e-05 4.704686842827816514e-05 4.356154546831262015e-05 4.065344489198059454e-05 3.826724683564369241e-05 3.635795702225447159e-05 3.486071723423516712e-05 3.370593357541816726e-05 3.282589394528902097e-05 3.216381305764872442e-05 3.168972692661530471e-05 3.139877825792013123e-05 3.129968486896828582e-05
6.133433306974357159e-05 5.580758598514544682e-05 5.077687813466732016e-05 4.655970181945301596e-05 4.311154998696291503e-05 4.023435814161404321e-05 3.787344580614388054e-05 3.598433691846660910e-05 3.450289014833896636e-05 3.336026722927210952e-05 3.248948307668075570e-05 3.183435817704084974e-05 3.136524884299226175e-05 3.107735265815825791e-05 3.097929857060657523e-05
