-2.704213880236377640e-02 -2.579624033186746906e-02 -2.438433424416834930e-02 -2.281938690838725831e-02 -2.111774482510017301e-02 -1.930202587458021424e-02 -1.737823058121668041e-02 -1.536890639883677599e-02 -1.328967363353363365e-02 -1.115513118037533315e-02 -8.974597779361577835e-03 -6.760361505417218815e-03 -4.521015604700356384e-03 -2.264190358375698167e-03 1.869315515535529436e-09
-2.386734956899166579e-02 -2.241478008787031739e-02 -2.087085974460983762e-02 -1.925648506418975447e-02 -1.758999692095820910e-02 -1.589507611515454319e-02 -1.416440453206187743e-02 -1.241596454395346716e-02 -1.065574840313635377e-02 -8.888533701985879693e-03 -7.114988628051129374e-03 -5.338631053071781277e-03 -3.560260725546479221e-03 -1.780032201471274961e-03 1.468768555780123507e-09
-2.042845214253202757e-02 -1.891438203840339893e-02 -1.738245905167493804e-02 -1.584968607911806104e-02 -1.432746535843057098e-02 -1.283195807567612777e-02 -1.134584829804727475e-02 -9.879899770450508226e-03 -8.432723857894619535e-03 -7.002600961230809676e-03 -5.585240602454071869e-03 -4.179292387754656758e-03 -2.781689997603598204e-03 -1.389149562100886349e-03 1.145792980962681347e-09
-1.764103611003742592e-02 -1.617015000459756657e-02 -1.472702545851767991e-02 -1.332185203399549947e-02 -1.195906804609967074e-02 -1.064821595621819397e-02 -9.367120109296026703e-03 -8.121879173794609164e-03 -6.907507688598101513e-03 -5.719345114440734477e-03 -4.551132765091036800e-03 -3.399465354118415099e-03 -2.259818327908255046e-03 -1.127690898410453656e-03 9.299073068873376129e-10
-1.543052032910361727e-02 -1.403801741981383806e-02 -1.269995463051041759e-02 -1.142090514944654918e-02 -1.020036933570052200e-02 -9.043370955418759960e-03 -7.925596549614472019e-03 -6.850308693710224946e-03 -5.810758931715725474e-03 -4.800915434517240982e-03 -3.813757657920338086e-03 -2.844965045786341379e-03 -1.889469797025017991e-03 -9.423631980607186402e-04 7.769423499106627689e-10
-1.364894732140494935e-02 -1.234372234653709904e-02 -1.110858860808556364e-02 -9.943921437458523929e-03 -8.845837871687590656e-03 -7.816267146076218836e-03 -6.830161663270142326e-03 -5.888966930098144155e-03 -4.985076167399855006e-03 -4.111837356738800957e-03 -3.262015665357108005e-03 -2.430910829658492183e-03 -1.613323926641071441e-03 -8.042946004330823713e-04 6.630163955712908634e-10
-1.218701913001655340e-02 -1.096835612236716009e-02 -9.828778250032367894e-03 -8.765570864490725839e-03 -7.772532688546128499e-03 -6.849431810331587864e-03 -5.971265737365562612e-03 -5.138271407003437707e-03 -4.342479213656317248e-03 -3.577018741879892105e-03 -2.834716806263005724e-03 -2.110773257869861998e-03 -1.400061617370449872e-03 -6.977403682368518972e-04 5.751143576207082082e-10
-1.096899992283524757e-02 -9.832454228163168067e-03 -8.779788694854934183e-03 -7.806028452291617799e-03 -6.903395591530509141e-03 -6.070135774311268689e-03 -5.281738989002742780e-03 -4.537623986648901646e-03 -3.829746155344397694e-03 -3.151243299633762866e-03 -2.495146902888174117e-03 -1.856708709693157206e-03 -1.230975991499626363e-03 -6.133065135095224331e-04 5.054736759860411102e-10
-9.941281257238324121e-03 -8.881017209159253883e-03 -7.906709177850076292e-03 -7.011744881375960373e-03 -6.187297061347663517e-03 -5.430540260630613639e-03 -4.717710675638584102e-03 -4.047670695679294293e-03 -3.412471043383574765e-03 -2.805386805258547767e-03 -2.219725528026825472e-03 -1.650872612731237553e-03 -1.094096222887129674e-03 -5.449870829854759451e-04 4.491329386727937689e-10
-9.064771207442770540e-03 -8.074602305420499823e-03 -7.170684881954100115e-03 -6.345238814666303608e-03 -5.588766683369801071e-03 -4.897696574631488220e-03 -4.249146140458159512e-03 -3.641601619051719994e-03 -3.067308849090346137e-03 -2.519751898566837886e-03 -1.992545467025503853e-03 -1.481250451498038103e-03 -9.813734914620548741e-04 -4.887471286053382807e-04 4.027598240257243499e-10
-8.310222224693858059e-03 -7.384100015060679478e-03 -6.543360357966800968e-03 -5.779410013487447720e-03 -5.082355331752764355e-03 -4.448113777689130174e-03 -3.854745886401258516e-03 -3.300487745522061138e-03 -2.777836411286131561e-03 -2.280522011650634555e-03 -1.802474510337048752e-03 -1.339448955400558174e-03 -8.871918690997312659e-04 -4.417733970506992447e-04 3.640315047792410219e-10
-7.655293530849821212e-03 -6.787533989552096622e-03 -6.003536297063490415e-03 -5.294162045876080538e-03 -4.649319270585170437e-03 -4.064587034258777820e-03 -3.518984151484191684e-03 -3.010585540550396629e-03 -2.532168164793930244e-03 -2.077724187140502724e-03 -1.641493959082256484e-03 -1.219431828347252974e-03 -8.075169355305322587e-04 -4.020462042093831605e-04 3.312807882936731393e-10
-7.082629254391032553e-03 -6.268005623573701460e-03 -5.535051125009612071e-03 -4.874284310057770686e-03 -4.275557428339430907e-03 -3.734237245798517450e-03 -3.230287914057239276e-03 -2.761686418708953969e-03 -2.321501066542663860e-03 -1.903989192023976826e-03 -1.503689555628294570e-03 -1.116753172505617489e-03 -7.393801432411380116e-04 -3.680803212586850862e-04 3.032818924433125005e-10
-6.578554189520701562e-03 -5.812320122646644736e-03 -5.125381391471948642e-03 -4.508065606309873304e-03 -3.950271211808100563e-03 -3.447245087120816461e-03 -2.979866825142254289e-03 -2.546060576073943052e-03 -2.139186635908127757e-03 -1.753762947925141882e-03 -1.384611100914702160e-03 -1.028071798370083344e-03 -6.805524983822794144e-04 -3.387611080046345102e-04 2.791150276527780266e-10
-6.132161565437457829e-03 -5.410038291954919268e-03 -4.764686054155263355e-03 -4.186355560791949447e-03 -3.665063653168070500e-03 -3.196004971293022259e-03 -2.760935053148427885e-03 -2.357757400178293102e-03 -1.980118310376411533e-03 -1.622787300488187385e-03 -1.280851687629010107e-03 -9.508326117607348226e-04 -6.293307369334671508e-04 -3.132372097911739718e-04 2.580777582844688218e-10
-5.734659268657174222e-03 -5.052805190950675034e-03 -4.445136451647842095e-03 -3.901911917278444702e-03 -3.413317121080216947e-03 -2.974543827439002797e-03 -2.568179162259530759e-03 -2.192128900096050430e-03 -1.840315412379290140e-03 -1.507748315906842296e-03 -1.189763263822432582e-03 -8.830515608901679013e-04 -5.843931552881314207e-04 -2.908482550505485159e-04 2.396253240430612578e-10
-5.378891899824270878e-03 -4.733864798087455451e-03 -4.160436323969500527e-03 -3.648936478913932142e-03 -3.189753655019334812e-03 -2.778112550689358813e-03 -2.397385693539816863e-03 -2.045497359566771176e-03 -1.716633869837554810e-03 -1.406032311244497391e-03 -1.109259694481116521e-03 -8.231669488531642926e-04 -5.447000307345938649e-04 -2.710749446434708681e-04 2.233293964249016195e-10
-5.058985551431829236e-03 -4.447702977188614307e-03 -3.905471685669614171e-03 -3.422738953453259743e-03 -2.990118326119726652e-03 -2.602893165058411170e-03 -2.245175295355610057e-03 -1.914918860113212686e-03 -1.606560941195932755e-03 -1.315553110319138928e-03 -1.037677558767805333e-03 -7.699344733942290950e-04 -5.094233914011113418e-04 -2.535038706601657377e-04 2.088489962445383415e-10
-4.770080048576250988e-03 -4.189780875684192413e-03 -3.676051404684185960e-03 -3.219489484217437705e-03 -2.810947380371292895e-03 -2.445785329153827257e-03 -2.108809604508955597e-03 -1.798012034401588657e-03 -1.508066933566803471e-03 -1.234627510829014799e-03 -9.736759558844018149e-04 -7.223517696565512564e-04 -4.778965691290749831e-04 -2.378022578342450408e-04 1.959096848211548833e-10
-4.508124622861147714e-03 -3.956333230670312090e-03 -3.468712335913167605e-03 -3.036033858332295478e-03 -2.649395953985463244e-03 -2.304248328750673445e-03 -1.986048801332747360e-03 -1.692832105712059349e-03 -1.419496381754838154e-03 -1.161884059402837864e-03 -9.161632147814880627e-04 -6.796032744417308206e-04 -4.495773663434916162e-04 -2.236995297077149208e-04 1.842883579859810849e-10
-4.269720281461024045e-03 -3.744213994233371121e-03 -3.280571144509177983e-03 -2.869753750790068631e-03 -2.503108361658385947e-03 -2.176182547872973147e-03 -1.875045084693619185e-03 -1.597776929668793091e-03 -1.339487043102482620e-03 -1.096195257838627514e-03 -8.642424998470859057e-04 -6.410193461732843160e-04 -4.240207652154413549e-04 -2.109736559983510051e-04 1.738019230988160707e-10
-4.051996997836080673e-03 -3.550776928974446259e-03 -3.109210379965217548e-03 -2.718459805101895201e-03 -2.370119269246424160e-03 -2.059839462262053229e-03 -1.774262008692825514e-03 -1.511516011516774154e-03 -1.266908815953108215e-03 -1.036626521052853118e-03 -8.171709060991377621e-04 -6.060455504779937433e-04 -4.008584360764470096e-04 -1.994409051946876806e-04 1.642988827032364689e-10
-3.852517169186582026e-03 -3.373782362740241139e-03 -2.952589996146206142e-03 -2.580308971596400464e-03 -2.248777575411929457e-03 -1.953752525693784516e-03 -1.682412702736651739e-03 -1.432936255364943273e-03 -1.200817136472756997e-03 -9.823972874589989666e-04 -7.743283270399412607e-04 -5.742193028943818299e-04 -3.797831631298372946e-04 -1.889480588125234896e-04 1.556529313016001251e-10
-3.669199092841908798e-03 -3.211323726771208188e-03 -2.808977993547744773e-03 -2.453739979791741584e-03 -2.137687196348812303e-03 -1.856683553294795211e-03 -1.598412056844606939e-03 -1.361100057676055408e-03 -1.140417036062936181e-03 -9.328510631890047592e-04 -7.351934979572249127e-04 -5.451519084065336012e-04 -3.605368748943388389e-04 -1.793664295293636321e-04 1.477579719848302389e-10
-3.500255843799020966e-03 -3.061769205448143516e-03 -2.676895582647516487e-03 -2.337422515044357014e-03 -2.035660573608179084e-03 -1.767580732071989116e-03 -1.521339356475847563e-03 -1.295212616813811411e-03 -1.085035143431139831e-03 -8.874321144726270800e-04 -6.993253727844865380e-04 -5.185146090366262285e-04 -3.429013501709969646e-04 -1.705872177287111845e-04 1.405243461958278865e-10
-3.344146103550857656e-03 -2.923715035490715309e-03 -2.555073480970279816e-03 -2.230216855824118313e-03 -1.941681857906847998e-03 -1.685545447795080412e-03 -1.450408820915808673e-03 -1.234596198941328386e-03 -1.034097673371147568e-03 -8.456671630654944089e-04 -6.663485105154095525e-04 -4.940276421640306826e-04 -3.266909326749986792e-04 -1.625178725367959780e-04 1.338757350031534265e-10
-3.199534337619383377e-03 -2.795947862346785141e-03 -2.442416823118047885e-03 -2.131141569959884869e-03 -1.854877522118857916e-03 -1.609805862554649193e-03 -1.384946179475978747e-03 -1.178669708107282256e-03 -9.871129733943061896e-04 -8.071508859674499797e-04 -6.359415075311224911e-04 -4.714515843310133816e-04 -3.117467697059367977e-04 -1.550792147728137884e-04 1.277468614450308102e-10
-3.065258340732898885e-03 -2.677414194353544032e-03 -2.337976789266769419e-03 -2.039347473307026766e-03 -1.774492729210360191e-03 -1.539695708491887983e-03 -1.324369903135891964e-03 -1.126932339007976399e-03 -9.436575736281459410e-04 -7.715343359034860593e-04 -6.078277663740152669e-04 -4.505804470254419036e-04 -2.979322185529599564e-04 -1.482031435258980795e-04 1.220815888282843484e-10
-2.940302629132114133e-03 -2.567195460538281102e-03 -2.240927515167466175e-03 -1.954096494099232233e-03 -1.699872195268848675e-03 -1.474637146320029657e-03 -1.268176056905410054e-03 -1.078950399917088772e-03 -9.033649534385315011e-04 -7.385156244485839051e-04 -5.817680730354691425e-04 -4.312361277416528567e-04 -2.851291558401423997e-04 -1.418307939018781459e-04 1.168314064743702414e-10
-2.823776503917311588e-03 -2.464487523364353172e-03 -2.150547184363710545e-03 -1.874744409268339724e-03 -1.630444590921371287e-03 -1.414126816634633322e-03 -1.215925991014342282e-03 -1.034346617505275652e-03 -8.659164323908845936e-04 -7.078323727251770387e-04 -5.575545859886782982e-04 -4.132639183883772592e-04 -2.732349910411058626e-04 -1.359110465386767280e-04 1.119541812265266565e-10
-2.714895869147004523e-03 -2.368583756508815721e-03 -2.066202454899454533e-03 -1.800726658572446249e-03 -1.565709748416982015e-03 -1.357724417814309883e-03 -1.167236274818621300e-03 -9.927913997032030737e-04 -8.310337353096552970e-04 -6.792555538096979985e-04 -5.350059359951604655e-04 -3.965288451926826012e-04 -2.621602335498373444e-04 -1.303993135921794960e-04 1.074131890289549594e-10
-2.612968085927178368e-03 -2.278860993255628527e-03 -1.987335561849657740e-03 -1.731546621645908834e-03 -1.505228108683388626e-03 -1.305043297367027792e-03 -1.121770415152000900e-03 -9.539956545277565548e-04 -7.984728862946862370e-04 -6.525844390167826695e-04 -5.139632063893391977e-04 -3.809126673883999302e-04 -2.518264981801072175e-04 -1.252565436489347568e-04 1.031762039896761579e-10
-2.517379295036785945e-03 -2.194767799944493704e-03 -1.913453580260948304e-03 -1.666765878386799668e-03 -1.448611968324838538e-03 -1.255742658416637413e-03 -1.079232004052089024e-03 -9.177048537948365690e-04 -7.680191649867219774e-04 -6.276424258516290038e-04 -4.942866161823248131e-04 -3.663114015267468796e-04 -2.421648603633239950e-04 -1.204484012267446685e-04 9.921493821933208968e-11
-2.427583757352443430e-03 -2.115814643100347864e-03 -1.844119442478400674e-03 -1.605996076031059863e-03 -1.395518181834247418e-03 -1.209521069914681977e-03 -1.039359018713704747e-03 -8.836940992429074843e-04 -7.394829174208873788e-04 -6.042735747680846956e-04 -4.758527678748791572e-04 -3.526332679444717146e-04 -2.331144921276926329e-04 -1.159445864321095648e-04 9.550444879934142444e-11
-2.343094851967849994e-03 -2.041565607070820222e-03 -1.778944387973461052e-03 -1.548892105162041465e-03 -1.345642047138353309e-03 -1.166111035425749631e-03 -1.001919055834921309e-03 -8.517640007268218946e-04 -7.126960586247762250e-04 -5.823397192900770132e-04 -4.585523518361460838e-04 -3.397969784129454001e-04 -2.246215249394494017e-04 -1.117182678416342375e-04 9.202262333474164531e-11
-2.263477442724530497e-03 -1.971631387583772099e-03 -1.717581588952875543e-03 -1.495146347812271103e-03 -1.298712158680517554e-03 -1.125274426243874073e-03 -9.667053280096884159e-04 -8.217372160676179090e-04 -6.875091383997286284e-04 -5.617180426486159802e-04 -4.422882219876508544e-04 -3.277303011546991410e-04 -2.166380969282506177e-04 -1.077456073935899794e-04 8.874979658372035792e-11
-2.188341379540968863e-03 -1.905663340302500303e-03 -1.659720745827817203e-03 -1.444483808151873208e-03 -1.254486055727341114e-03 -1.086798623987748121e-03 -9.335332849578170623e-04 -7.934555329424556680e-04 -6.637888681399215039e-04 -5.422990361026222951e-04 -4.269737751372255441e-04 -3.163688526124940927e-04 -2.091215508141757297e-04 -1.040053604712653363e-04 8.566846407972192761e-11
-2.117335944938182959e-03 -1.843348405699011140e-03 -1.605083486469754874e-03 -1.396657973283488893e-03 -1.212746527515077199e-03 -1.050493248502770661e-03 -9.022377497087418798e-04 -7.667773971203536987e-04 -6.414160270396719469e-04 -5.239847711789335540e-04 -4.125315799478839851e-04 -3.056550755755903280e-04 -2.020337556622346989e-04 -1.004785377614232373e-04 8.276296838819524225e-11
-2.050145091141250975e-03 -1.784404765007265069e-03 -1.553419434620793675e-03 -1.351447280800620798e-03 -1.173298463494946986e-03 -1.016187370947475204e-03 -8.726704812428933864e-04 -7.415758100499608794e-04 -6.202836820478019276e-04 -5.066874313868082423e-04 -3.988922121650071632e-04 -2.955373712370581432e-04 -1.953405308972951029e-04 -9.714811812215609827e-05 8.001929012845830814e-11
-1.986483341085205911e-03 -1.728578108635357366e-03 -1.504502837774633313e-03 -1.308652092827520402e-03 -1.135966157980670185e-03 -9.837271309061778202e-04 -8.446980919375195098e-04 -7.177365335168676887e-04 -6.002956685085114987e-04 -4.903280594231865849e-04 -3.859932610755963112e-04 -2.859693590061555997e-04 -1.890111551738258796e-04 -9.399880377307918522e-05 7.742481592829501231e-11
-1.926092249095196851e-03 -1.675638419710906131e-03 -1.458129664746297786e-03 -1.268092094613302396e-03 -1.100590995217504576e-03 -9.529736914107043771e-04 -8.182002615049721291e-04 -6.951565507269640834e-04 -5.813652883743208703e-04 -4.748354841496052838e-04 -3.737784787672675962e-04 -2.769092428349004503e-04 -1.830179459794360329e-04 -9.101681076118572412e-05 7.496820497827498498e-11
-1.868737335114818363e-03 -1.625377192556760799e-03 -1.414115099108141692e-03 -1.229604050436992934e-03 -1.067029454242322080e-03 -9.238014777492293108e-04 -7.930681997375173958e-04 -6.737427424351966152e-04 -5.634141907849979716e-04 -4.601453981883219077e-04 -3.621970489909314035e-04 -2.683192667355487320e-04 -1.773358984583034512e-04 -8.818968895726961733e-05 7.263919128353324036e-11
-1.814205421028855817e-03 -1.577605019726667284e-03 -1.372291367528792648e-03 -1.193039861388394979e-03 -1.035151383620422100e-03 -8.960966555553945626e-04 -7.692033188810573976e-04 -6.534107441480949173e-04 -5.463714061278151114e-04 -4.461995622315508545e-04 -3.512029566133228467e-04 -2.601652452922778363e-04 -1.719423740198420495e-04 -8.550616687593991000e-05 7.042850368200349182e-11
-1.762302309569066874e-03 -1.532149492456247666e-03 -1.332505852462402855e-03 -1.158264879129992757e-03 -1.004838504789296386e-03 -8.697558114173266092e-04 -7.465160833081501118e-04 -6.340839563862391047e-04 -5.301725097739229224e-04 -4.329451163706233251e-04 -3.407544420012240029e-04 -2.524161574797657631e-04 -1.668168309682604793e-04 -8.295601744570122512e-05 6.832767499944708818e-11
-1.712850756053451318e-03 -1.488853368534820551e-03 -1.294619447101952791e-03 -1.125156437489066661e-03 -9.759831097459692939e-04 -8.446848055173560021e-04 -7.249250096974543898e-04 -6.156926848063066452e-04 -5.147588957869480165e-04 -4.203339821522219123e-04 -3.308135273876583438e-04 -2.450437941250735528e-04 -1.619405907332205439e-04 -8.052994152722218178e-05 6.632907717591228320e-11
-1.665688691220649532e-03 -1.447572969092707608e-03 -1.258505117424829449e-03 -1.093602570043387002e-03 -9.484869245182510301e-04 -8.207977709124678230e-04 -7.043557954258963067e-04 -5.981733908908653781e-04 -5.000771442271064165e-04 -4.083223418252109570e-04 -3.213456044647367894e-04 -2.380224509887159958e-04 -1.572966343721342156e-04 -7.821946652155262170e-05 6.442574489289901642e-11
-1.620667660021488533e-03 -1.408176771953762113e-03 -1.224046641830189592e-03 -1.063500887032880517e-03 -9.222601145245537362e-04 -7.980162382303750135e-04 -6.847405565505626686e-04 -5.814680370997262013e-04 -4.860784683861138879e-04 -3.968701834878375677e-04 -3.123190742348799917e-04 -2.313286607757282336e-04 -1.528694249023925433e-04 -7.601685785318906374e-05 6.261128352594120974e-11
-1.577651446688014495e-03 -1.370544174280282062e-03 -1.191137503536852070e-03 -1.034757589179761917e-03 -8.972204117556111663e-04 -7.762683679726652391e-04 -6.660171597656298469e-04 -5.655235129866603792e-04 -4.727182305071191528e-04 -3.859409026818300895e-04 -3.037050316137488706e-04 -2.249409584787835626e-04 -1.486447517461743654e-04 -7.391504147445079930e-05 6.087981157292283252e-11
-1.536514860930121573e-03 -1.334564401442564193e-03 -1.159679914770074842e-03 -1.007286599507143613e-03 -8.732923468683440656e-04 -7.554882754291873930e-04 -6.481286351954187097e-04 -5.502911309310088263e-04 -4.599555163679507411e-04 -3.755009524894771218e-04 -2.954769884782137523e-04 -2.188396753513410634e-04 -1.446095941666878260e-04 -7.190753583470791787e-05 5.922605512835938260e-11
-1.497142663882932920e-03 -1.300135542539392324e-03 -1.129583954967817040e-03 -9.810087971516309562e-04 -8.504065718937966990e-04 -7.356154355342941868e-04 -6.310226589289117229e-04 -5.357261819049627047e-04 -4.477527606109845066e-04 -3.655195354342739801e-04 -2.876106298424011541e-04 -2.130067575472335882e-04 -1.407520010648274900e-04 -6.998839200272703991e-05 5.764511680216410604e-11
-1.459428615580578075e-03 -1.267163695909989327e-03 -1.100766807902415090e-03 -9.558513395817317326e-04 -8.284992614304104250e-04 -7.165941569246006776e-04 -6.146510958973947555e-04 -5.217875431652472737e-04 -4.360754159495756877e-04 -3.559683315166274815e-04 -2.800835986640040393e-04 -2.074256060749176160e-04 -1.370609849114126188e-04 -6.815214083309717192e-05 5.613246083415327590e-11
-1.423274628374952746e-03 -1.235562210416033067e-03 -1.073152084840996168e-03 -9.317470616488460981e-04 -8.075115820018208832e-04 -6.983731160658497106e-04 -5.989695951072602142e-04 -5.084373309792401471e-04 -4.248916604172816745e-04 -3.468212575725112580e-04 -2.728753054634629606e-04 -2.020809352215842739e-04 -1.335264279274198129e-04 -6.639374623565787463e-05 5.468394080497673760e-11
-1.388590012940766824e-03 -1.205251010319400564e-03 -1.046669222734372250e-03 -9.086339415859756921e-04 -7.873892207703996754e-04 -6.809049436590866068e-04 -5.839372304186777121e-04 -4.956405925143315353e-04 -4.141721376904817153e-04 -3.380542538574623536e-04 -2.659667595061793784e-04 -1.969586470257761988e-04 -1.301389989053692480e-04 -6.470856374685435167e-05 5.329574142380236452e-11
-1.355290805382814139e-03 -1.176155993304474172e-03 -1.021252947993820000e-03 -8.864546254858384237e-04 -7.680819660665358980e-04 -6.641458566624601446e-04 -5.695161810482841664e-04 -4.833650318725145334e-04 -4.038897262392452769e-04 -3.296450943559562545e-04 -2.593404187724512259e-04 -1.920457197313673952e-04 -1.268900793005576838e-04 -6.309230371986846743e-05 5.196433704677615586e-11
-1.323299165547746738e-03 -1.148208492649214563e-03 -9.968427977389525407e-04 -8.651560029841016356e-04 -7.495433332614551917e-04 -6.480553302119596926e-04 -5.556714468035625588e-04 -4.715807659699364934e-04 -3.940193336687017279e-04 -3.215732178179175850e-04 -2.529800563382446506e-04 -1.873301084525529384e-04 -1.237716974174903810e-04 -6.154099854779623120e-05 5.068644126303464804e-11
-1.292542837987744123e-03 -1.121344795782586341e-03 -9.733826915193663585e-04 -8.446888278826134976e-04 -7.317302304130268633e-04 -6.325958045239201506e-04 -5.423705937569315606e-04 -4.602601065647069704e-04 -3.845377131254808754e-04 -3.138195769474268573e-04 -2.468706411258793278e-04 -1.828006565298268666e-04 -1.207764696835218765e-04 -6.005097341735879922e-05 4.945902654606013709e-11
-1.262954668168437405e-03 -1.095505712512535824e-03 -9.508205474631403666e-04 -8.250073783024390681e-04 -7.146026588776821769e-04 -6.177324225379144480e-04 -5.295835266595667890e-04 -4.493773652480535265e-04 -3.754232990768420139e-04 -3.063665035252751594e-04 -2.409982312665215841e-04 -1.784470162682733573e-04 -1.178975481412267168e-04 -5.861882016069386959e-05 4.827926430733097751e-11
-1.234472167489701925e-03 -1.070636187101149921e-03 -9.291079376133291878e-04 -8.060691516834769463e-04 -6.981234447296588447e-04 -6.034327946331704542e-04 -5.172822848963791508e-04 -4.389086786460319012e-04 -3.666560601364851819e-04 -2.991975875499848633e-04 -2.353498785568881142e-04 -1.742595779276133851e-04 -1.151285734102975558e-04 -5.724137383181363204e-05 4.714456620793772608e-11
-1.207037121522633316e-03 -1.046684949124854864e-03 -9.081997779028386578e-04 -7.878345905663879534e-04 -6.822579973811944767e-04 -5.896667872392859959e-04 -5.054408592116384821e-04 -4.288318514487620423e-04 -3.582173669234111181e-04 -2.922975687389131258e-04 -2.299135426964799781e-04 -1.702294059870617445e-04 -1.124636324704911516e-04 -5.591569168441634945e-05 4.605251286514589033e-11
-1.180595236582025450e-03 -1.023604198710092658e-03 -8.880540488078826405e-04 -7.702668356220914066e-04 -6.669740922688664579e-04 -5.764063325798371613e-04 -4.940350267982763621e-04 -4.191262151969724092e-04 -3.500898732057167607e-04 -2.856522389505160124e-04 -2.246780141653738632e-04 -1.663481818357245379e-04 -1.098972207031670678e-04 -5.463903427083541319e-05 4.500089010427518583e-11
-1.155095820368496739e-03 -1.001349322294040967e-03 -8.686315432252977777e-04 -7.533315028473058826e-04 -6.522416748742765986e-04 -5.636252571433115251e-04 -4.830422026559883322e-04 -4.097725010247591491e-04 -3.422574088081958453e-04 -2.792483542758398456e-04 -2.196328447512830987e-04 -1.626081521510533792e-04 -1.074242077018519402e-04 -5.340884841840732060e-05 4.398753653570868688e-11
-1.130491492944410295e-03 -9.798786355418567708e-04 -8.498956385540654525e-04 -7.369964822340881270e-04 -6.380326836945066820e-04 -5.512991267824275416e-04 -4.724413053903679270e-04 -4.007527247877601785e-04 -3.347048829576255925e-04 -2.730735557076559772e-04 -2.147682848616182358e-04 -1.590020823223563359e-04 -1.050398064257637129e-04 -5.222275187074050849e-05 4.301049212010839075e-11
-1.106737924764869280e-03 -9.591531504671617575e-04 -8.318120903350967408e-04 -7.212317555560026575e-04 -6.243208900752308986e-04 -5.394051066050258763e-04 -4.622126358542837077e-04 -3.920500832030345386e-04 -3.274181969067196636e-04 -2.671162974337010633e-04 -2.100752268653424269e-04 -1.555232143573675172e-04 -1.027395453236722931e-04 -5.107851940837566577e-05 4.206796213678380379e-11
-1.083793598880984296e-03 -9.391363641607531221e-04 -8.143488451266744834e-04 -7.060092312034876253e-04 -6.110817530761319168e-04 -5.279218340474737614e-04 -4.523377672313847906e-04 -3.836488597979164001e-04 -3.203841648213996934e-04 -2.613657819189722808e-04 -2.055451538037339205e-04 -1.521652287799588488e-04 -1.005192431023037270e-04 -4.997407028645272368e-05 4.115818716829477815e-11
-1.061619594775670312e-03 -9.197940668440708969e-04 -7.974758705728163819e-04 -6.913025942503136460e-04 -5.982922877611362598e-04 -5.168293037167612756e-04 -4.427994453319114435e-04 -3.755343396116186797e-04 -3.135904420406857235e-04 -2.558119010440574486e-04 -2.011700928899334839e-04 -1.489222100877456026e-04 -9.837498585283499910e-05 -4.890745684678526656e-05 4.027955927874236589e-11
-1.040179391590466233e-03 -9.010941672332581278e-04 -7.811650008643018003e-04 -6.770871701501490064e-04 -5.859309454973881965e-04 -5.061087627572292448e-04 -4.335814980189003649e-04 -3.676927317207582331e-04 -3.070254599254350803e-04 -2.504451826555791571e-04 -1.969425732872976244e-04 -1.457886153902681974e-04 -9.630310628471653136e-05 -4.787685417931966995e-05 3.943060331705306091e-11
-1.019438688761165404e-03 -8.830065334344634666e-04 -7.653897960026814122e-04 -6.633398006505183096e-04 -5.739775050148387958e-04 -4.957426156447139985e-04 -4.246687528113024523e-04 -3.601110987704665592e-04 -3.006783666060090831e-04 -2.452567419608247677e-04 -1.928555877178264415e-04 -1.427592458935541685e-04 -9.430016484479982657e-05 -4.688055072257186020e-05 3.860992968611508627e-11
-9.993652423069688661e-04 -8.655028477956148341e-04 -7.501254134614262613e-04 -6.500387306751637378e-04 -5.624129731226618599e-04 -4.857143374395494389e-04 -4.160469618217691964e-04 -3.527772927882213755e-04 -2.945389730194338559e-04 -2.402382372658067055e-04 -1.889025575037627067e-04 -1.398292209364754735e-04 -9.236293252693197008e-05 -4.591693970555768339e-05 3.781616484762537718e-11
-9.799287152152591149e-04 -8.485564743183277633e-04 -7.353484909986005361e-04 -6.371635050685338147e-04 -5.512194941059060747e-04 -4.760083946405583373e-04 -4.077027332840116574e-04 -3.456798966411175770e-04 -2.885977036970409880e-04 -2.353818296138624182e-04 -1.850773006923177961e-04 -1.369939543181806802e-04 -9.048837519900305645e-05 -4.498451134564307604e-05 3.704812136392282643e-11
-9.611005405378337824e-04 -8.321423373899672175e-04 -7.210370395151599176e-04 -6.246948742211751258e-04 -5.403802669364061659e-04 -4.666101728797814063e-04 -3.996234690094865134e-04 -3.388081705703595531e-04 -2.828455518252691748e-04 -2.306801459322560055e-04 -1.813740029530334767e-04 -1.342491326857816276e-04 -8.867363929461522085e-05 -4.408184572581142461e-05 3.630457175362254466e-11
-9.428537959662564548e-04 -8.162368107327891940e-04 -7.071703449761586628e-04 -6.126147077042764068e-04 -5.298794695282080074e-04 -4.575059107831641429e-04 -3.917973071872078977e-04 -3.321520032999898935e-04 -2.772740381561479887e-04 -2.261262453387484722e-04 -1.777871909722921221e-04 -1.315906957777143119e-04 -8.691603873374604790e-05 -4.320760628368427590e-05 3.558440896257097601e-11
-9.251630887875939274e-04 -8.008176155873742612e-04 -6.937288785192338237e-04 -6.009059151367444809e-04 -5.197021893530986633e-04 -4.486826393963620264e-04 -3.842130700051876301e-04 -3.257018672730207782e-04 -2.718751733903348945e-04 -2.217135882984957573e-04 -1.743117081004958466e-04 -1.290148183404873829e-04 -8.521304295178920530e-05 -4.236053385269488038e-05 3.488667242443305433e-11
-9.080044502394947915e-04 -7.858637272533347366e-04 -6.806942139698936951e-04 -5.895523735931556750e-04 -5.098343598062026524e-04 -4.401281266408507719e-04 -3.768602156291401065e-04 -3.194487776168427251e-04 -2.666414236979483326e-04 -2.174360083561370407e-04 -1.709426920336110708e-04 -1.265178935572854372e-04 -8.356226592957872925e-05 -4.153944120146407218e-05 3.421033599600598823e-11
-8.913552383872630882e-04 -7.713552892034113715e-04 -6.680489520659680259e-04 -5.785388609346274859e-04 -5.002627017766821376e-04 -4.318308263228115172e-04 -3.697287941243669000e-04 -3.133842544826796598e-04 -2.615656790776025339e-04 -2.132876861967058406e-04 -1.676755543351686928e-04 -1.240965178436207665e-04 -8.196145612885397656e-05 -4.074320802407147192e-05 3.355447216589224117e-11
-8.751940487371039079e-04 -7.572735340693443435e-04 -6.557766507674618953e-04 -5.678509945101295822e-04 -4.909746699371569977e-04 -4.237798312682650474e-04 -3.628094069504423269e-04 -3.075002884420840132e-04 -2.566412242867605487e-04 -2.092631258168245207e-04 -1.645059616249425010e-04 -1.217474768811267896e-04 -8.040848724778491851e-05 -3.997077633847006406e-05 3.291818406692330563e-11
-8.595006318808611325e-04 -7.436007108708008861e-04 -6.438617610927280330e-04 -5.574751747333025727e-04 -4.819584033157614804e-04 -4.159648302021706854e-04 -3.560931696974505706e-04 -3.017893086564496356e-04 -2.518617121043804875e-04 -2.053571326089902551e-04 -1.614298182795535883e-04 -1.194677327744698731e-04 -7.890134971983510425e-05 -3.922114625523859499e-05 3.230071672368490586e-11
-8.442558175391573841e-04 -7.303200179226359374e-04 -6.322895679794740716e-04 -5.473985330911161108e-04 -4.732026797599552339e-04 -4.083760680297322462e-04 -3.495716777669933715e-04 -2.962441535654838204e-04 -2.472211387116132102e-04 -2.015647931838356120e-04 -1.584432505053780249e-04 -1.172544122276618085e-04 -7.743814288792425697e-05 -3.849337208224152884e-05 3.170122674307575829e-11
-8.294414444337053216e-04 -7.174155409133028656e-04 -6.210461357200021751e-04 -5.376088841855477694e-04 -4.646968739413936565e-04 -4.010043092120324417e-04 -3.432369747314915572e-04 -2.908580438661325274e-04 -2.427138209985807568e-04 -1.978814567721777105e-04 -1.555425916596419841e-04 -1.151047956474201964e-04 -7.601706779218460005e-05 -3.778655873504384153e-05 3.111902636018870030e-11
-8.150402954761425253e-04 -7.048721956973907432e-04 -6.101182575651414039e-04 -5.280946814500855988e-04 -4.564309185861716110e-04 -3.938408039601000552e-04 -3.370815231322624780e-04 -2.856245575771234170e-04 -2.383343756245284554e-04 -1.943027180654473913e-04 -1.527243687074882300e-04 -1.130163070900585452e-04 -7.463642051648467933e-05 -3.709985842530369156e-05 3.055340013311047149e-11
-8.010360378109725394e-04 -6.926756753908859228e-04 -5.994934091316960660e-04 -5.188449762178235598e-04 -4.483952686465836899e-04 -3.868772569987552197e-04 -3.310981775009715425e-04 -2.805376070044786644e-04 -2.340776996762074225e-04 -1.908244013667813105e-04 -1.499852897139975784e-04 -1.109865049773459334e-04 -7.329458604389698403e-05 -3.643246760245018843e-05 3.000366447375817851e-11
-7.874131672950035249e-04 -6.808124013973466081e-04 -5.891597052837995851e-04 -5.098493798502631586e-04 -4.405808681580910841e-04 -3.801057986758747784e-04 -3.252801594102560485e-04 -2.755914174418153790e-04 -2.299389527843018742e-04 -1.874425459379331109e-04 -1.473222322808860098e-04 -1.090130735137023765e-04 -7.199003257648712846e-05 -3.578362412681488589e-05 2.946918289446473302e-11
-7.741569570360634818e-04 -6.692694780294333170e-04 -5.791058601905971432e-04 -5.010980286637848388e-04 -4.329791195504757500e-04 -3.735189582148880621e-04 -3.196210343779858315e-04 -2.707805074553904044e-04 -2.259135405720049143e-04 -1.841533924386548930e-04 -1.447322328457178683e-04 -1.070938147439942347e-04 -7.072130627913884014e-05 -3.515260465364260342e-05 2.894940755182003942e-11
-7.612534096490509387e-04 -6.580346504218440376e-04 -5.693211502908347016e-04 -4.925815514158026322e-04 -4.255818552040445879e-04 -3.671096389278142593e-04 -3.141146904671554508e-04 -2.660996706182987954e-04 -2.219970993213695788e-04 -1.809533703647927356e-04 -1.422124767697193664e-04 -1.052266411968241772e-04 -6.948702641137934370e-05 -3.453872221022796882e-05 2.844374743917710827e-11
-7.486892129196532361e-04 -6.470962654605101269e-04 -5.597953799208537588e-04 -4.842910391358063327e-04 -4.183813110617298726e-04 -3.608710952232232084e-04 -3.087553184379002559e-04 -2.615439585712350692e-04 -2.181854817546937807e-04 -1.778390864003993432e-04 -1.397602891472408222e-04 -1.034095690639305116e-04 -6.828588081357102064e-05 -3.394132394950597951e-05 2.795165854383433510e-11
-7.364516985944973004e-04 -6.364432354782201392e-04 -5.505188493843179293e-04 -4.762180171057284412e-04 -4.113701021258135433e-04 -3.547969112592706201e-04 -3.035373933219513340e-04 -2.571086652989109387e-04 -2.144747438371109177e-04 -1.748073136072627123e-04 -1.373731262766994792e-04 -1.016407118704141339e-04 -6.711662171839140865e-05 -3.335978906554320134e-05 2.747264123358679256e-11
-7.245288040422775272e-04 -6.260650044898120360e-04 -5.414823252635591732e-04 -4.683544188127315472e-04 -4.045411996834781553e-04 -3.488809811057446949e-04 -2.984556573017632989e-04 -2.527893125211526284e-04 -2.108611325160469224e-04 -1.718549813825733354e-04 -1.350485677375787362e-04 -9.991827459522169773e-05 -6.597806186028585282e-05 -3.279352685747490665e-05 2.700619464288442548e-11
-7.129090365534532583e-04 -6.159515167607369562e-04 -5.326770127894612855e-04 -4.606925617134304484e-04 -3.978879101199365347e-04 -3.431174902915888917e-04 -2.935051037872486008e-04 -2.485816361074068715e-04 -2.073410743202881701e-04 -1.689791661211382037e-04 -1.327843090240466892e-04 -9.824054820484276202e-05 -6.486907085833195676e-05 -3.224197492934133036e-05 2.655187140459767263e-11
-7.015814400664712770e-04 -6.060931875211462202e-04 -5.240945301038568748e-04 -4.532251246629266542e-04 -3.914038551905714273e-04 -3.375008986257599223e-04 -2.886809625928781625e-04 -2.444815734313394735e-04 -2.039111647490517826e-04 -1.661770825253556540e-04 -1.305781546896155098e-04 -9.660590456630887494e-05 -6.378857185033877635e-05 -3.170459751507853950e-05 2.610924634154222077e-11
-6.905355641273585839e-04 -5.964808756538989270e-04 -5.157268842631850155e-04 -4.459451268753688810e-04 -3.850829536348342099e-04 -3.320259241884630157e-04 -2.839786861268453325e-04 -2.404852515898774567e-04 -2.005681583871195901e-04 -1.634460755102425426e-04 -1.284280119617448111e-04 -9.501279170931006715e-05 -6.273553835793292829e-05 -3.118088391845475697e-05 2.567788632616907687e-11
-6.797614349060923395e-04 -5.871058582002449018e-04 -5.075664488447783869e-04 -4.388459082938735894e-04 -3.789194040250530192e-04 -3.266875284001077785e-04 -2.793939365112425377e-04 -2.365889764176733916e-04 -1.973089596881087823e-04 -1.607836126562473846e-04 -1.263318847887239839e-04 -9.345972940904140054e-05 -6.170899136405252146e-05 -3.067034705881780386e-05 2.525740025695965406e-11
-6.692495281080191368e-04 -5.779598065399768007e-04 -4.996059430295636972e-04 -4.319211112588832780e-04 -3.729076687524278508e-04 -3.214809020821859323e-04 -2.749225735594953979e-04 -2.327892222338232865e-04 -1.941306143729406642e-04 -1.581872771661571402e-04 -1.242878682846812943e-04 -9.194530506474085836e-05 -6.070799658592497636e-05 -3.017252211399659061e-05 2.484736931484635413e-11
-6.589907436322704846e-04 -5.690347641149968083e-04 -4.918384120453263286e-04 -4.251646633726338534e-04 -3.670424590609241348e-04 -3.164014524322963343e-04 -2.705606435437669260e-04 -2.290826222632459490e-04 -1.910303013949362630e-04 -1.556547612865890771e-04 -1.222941435409809728e-04 -9.046816985015554858e-05 -5.973166192836049993e-05 -2.968696525309185539e-05 2.444740600906134239e-11
-6.489763818412031893e-04 -5.603231255758673538e-04 -4.842572088645371925e-04 -4.185707614666563841e-04 -3.613187210473768748e-04 -3.114447908418144207e-04 -2.663043686903544273e-04 -2.254659596799872762e-04 -1.880053254273125524e-04 -1.531838601573773861e-04 -1.203489727758149313e-04 -8.902703511510589131e-05 -5.877913510303551712e-05 -2.921325245177185527e-05 2.405722301372572948e-11
-6.391981213155089638e-04 -5.518176172407598251e-04 -4.768559770588820306e-04 -4.121338565862466691e-04 -3.557316225520681919e-04 -3.066067214905333991e-04 -2.621501373466419288e-04 -2.219361592239856376e-04 -1.850531098322112157e-04 -1.507724660560052566e-04 -1.184506947951935392e-04 -8.762066901818733021e-05 -5.784960140070887006e-05 -2.875097838382027743e-05 2.367645301608255950e-11
-6.296479979799022740e-04 -5.435112787650769883e-04 -4.696286347209735175e-04 -4.058486399131699734e-04 -3.502765408712828253e-04 -3.018832306580414098e-04 -2.580944947671802415e-04 -2.184902793466176186e-04 -1.821711900741143945e-04 -1.484185630059753238e-04 -1.165977207414211573e-04 -8.624789337300743707e-05 -5.694228160497940476e-05 -2.829975538293175044e-05 2.330477868713344674e-11
-6.203183854926770787e-04 -5.353974459274075861e-04 -4.625693593702250072e-04 -3.997100295535706976e-04 -3.449490512276011476e-04 -2.972704766962980271e-04 -2.541341344711528440e-04 -2.151255048443675478e-04 -1.793572075430098479e-04 -1.461202217211437951e-04 -1.147885301066557554e-04 -8.490758069110048898e-05 -5.605643003600945386e-05 -2.785921246946678655e-05 2.294190380904116567e-11
-6.112019768002370686e-04 -5.274697344449555099e-04 -4.556725737661795439e-04 -3.937131581240052255e-04 -3.397449159392275180e-04 -2.927647806117381632e-04 -2.502658901266095227e-04 -2.118391399424294596e-04 -1.766089037555888396e-04 -1.438755948597482252e-04 -1.130216669911646794e-04 -8.359865140634684035e-05 -5.519133271459404232e-05 -2.742899443695073945e-05 2.258756570474740602e-11
-6.022917667647424353e-04 -5.197220247371554889e-04 -4.489329325582499457e-04 -3.878533610728343529e-04 -3.346600742338342736e-04 -2.883626172098370196e-04 -2.464867279207334804e-04 -2.086286017935484337e-04 -1.739241149052199388e-04 -1.416829125644567433e-04 -1.112957365869868368e-04 -8.232007126724515491e-05 -5.434630563713412267e-05 -2.700876099360458409e-05 2.224144832329344617e-11
-5.935810357791892165e-04 -5.121484475622787181e-04 -4.423453097053286782e-04 -3.821261656789499365e-04 -3.296906326557621928e-04 -2.840606067576247626e-04 -2.427937393777782863e-04 -2.054914143590303788e-04 -1.713007667331418375e-04 -1.395404782657600124e-04 -1.096094018698398419e-04 -8.107084888317234086e-05 -5.352069315274984060e-05 -2.659818595506263270e-05 2.190327342133084510e-11
-5.850633342892177591e-04 -5.047433704562836933e-04 -4.359047866034836084e-04 -3.765272806737616660e-04 -3.248328560197305732e-04 -2.798555071227964161e-04 -2.391841345891565843e-04 -2.024252026424567434e-04 -1.687368696956817688e-04 -1.374466647279201669e-04 -1.079613804822523722e-04 -7.985003341316304062e-05 -5.271386643447741597e-05 -2.619695648376164766e-05 2.157275693559850736e-11
-5.767324681461324758e-04 -4.975013849072472622e-04 -4.296066408633426111e-04 -3.710525864351941583e-04 -3.200831588659828466e-04 -2.757442063510415816e-04 -2.356552358224485704e-04 -1.994276872466810996e-04 -1.662305144035900763e-04 -1.353999103182008880e-04 -1.063504417932711931e-04 -7.865671238530952934e-05 -5.192522203720915686e-05 -2.580477237146236615e-05 2.124971383104069617e-11
-5.685824847188474017e-04 -4.904172942026251971e-04 -4.234463356820845166e-04 -3.656981257056411217e-04 -3.154380973754634032e-04 -2.717237156448986746e-04 -2.322044714778373638e-04 -1.964966792283939583e-04 -1.637798673111010494e-04 -1.333987154808378647e-04 -1.047754041196224896e-04 -7.749000963658678111e-05 -5.115418053509661594e-05 -2.542134536132230677e-05 2.093388317341090756e-11
-5.606076596959838967e-04 -4.834861018888888043e-04 -4.174195097574637074e-04 -3.604600947880699725e-04 -3.108943617047674646e-04 -2.677911627098019287e-04 -2.288293703624485012e-04 -1.936300752242652945e-04 -1.613831666337060974e-04 -1.314416393986269445e-04 -1.032351320952158794e-04 -7.634908336233210311e-05 -5.040018523184877208e-05 -2.504639850640131649e-05 2.062507254497926060e-11
-5.528024845116467564e-04 -4.767030007858222870e-04 -4.115219676934793631e-04 -3.553348351764061249e-04 -3.064487687030295246e-04 -2.639437854343317132e-04 -2.255275562539322360e-04 -1.908258528248999906e-04 -1.590387184742402709e-04 -1.295272968255313257e-04 -1.017285341756432929e-04 -7.523312426660513333e-05 -4.966270093765659034e-05 -2.467966556117702831e-05 2.032301012984980429e-11
-5.451616543299241807e-04 -4.700633624991253914e-04 -4.057496708487460819e-04 -3.503188255775165224e-04 -3.020982549737477292e-04 -2.601789258722862438e-04 -2.222967427262541979e-04 -1.880820661732527017e-04 -1.567448931381120001e-04 -1.276543550745668572e-04 -1.002545602656469383e-04 -7.414135380330393564e-05 -4.894121280622802721e-05 -2.432089040313588395e-05 2.002752294607526140e-11
-5.376800565241601510e-04 -4.635627273756851735e-04 -4.000987285795137133e-04 -3.454086742835772261e-04 -2.978398702454649835e-04 -2.564940244960510355e-04 -2.191347282109188993e-04 -1.853968417650385576e-04 -1.545001216185126931e-04 -1.258215311454034032e-04 -9.881219945694452006e-05 -7.307302249998138025e-05 -4.823522522657436464e-05 -2.396982648151497767e-05 1.973839874527199321e-11
-5.303527595866993054e-04 -4.571967948463663426e-04 -3.945653898294037166e-04 -3.406011118530325333e-04 -2.936707710159934537e-04 -2.528866146904141469e-04 -2.160393912672015635e-04 -1.827683744287930743e-04 -1.523028922335483218e-04 -1.240275889768740233e-04 -9.740047786499497957e-05 -7.202740835461671589e-05 -4.754426076353385764e-05 -2.362623629035673066e-05 1.945540054773263897e-11
-5.231750024036464731e-04 -4.509614141001029976e-04 -3.891460350177661839e-04 -3.358929840589577084e-04 -2.895882144341220088e-04 -2.493543174559211136e-04 -2.130086860355075271e-04 -1.801949234632796437e-04 -1.501517473960733680e-04 -1.222713368089671862e-04 -9.601845655244811066e-05 -7.100381529751619643e-05 -4.686785914085490467e-05 -2.328989086287992205e-05 1.917837554048187783e-11
-5.161421838270747976e-04 -4.448525750312526785e-04 -3.838371681769304892e-04 -3.312812450618950405e-04 -2.855895523821957494e-04 -2.458948362903281941e-04 -2.100406378467919739e-04 -1.776748089100128728e-04 -1.480452804983125616e-04 -1.205516246394164087e-04 -9.466522952771062893e-05 -7.000157170886614391e-05 -4.620557626178952321e-05 -2.296056928431621771e-05 1.890712967515451218e-11
-5.092498524731405019e-04 -4.388663993996262691e-04 -3.786354092864652838e-04 -3.267629507630394510e-04 -2.816722257219430453e-04 -2.425059522159493837e-04 -2.071333389605859148e-04 -1.752064079374582707e-04 -1.459821328913404686e-04 -1.188673417589011799e-04 -9.333992180619799168e-05 -6.902002898315708784e-05 -4.555698326061104284e-05 -2.263805822047895033e-05 1.864148547389905995e-11
-5.024936966693605619e-04 -4.329991321378737689e-04 -3.735374867489318624e-04 -3.223352522904797228e-04 -2.778337586626879641e-04 -2.391855189183136952e-04 -2.042849444023799184e-04 -1.727881513123122618e-04 -1.439609909392249878e-04 -1.172174143486643197e-04 -9.204168752127117842e-05 -6.805856013093782562e-05 -4.492166557888816570e-05 -2.232215145844765206e-05 1.838131086575512277e-11
-4.958695344667828075e-04 -4.272471327352781291e-04 -3.685402299470274482e-04 -3.179953895672562279e-04 -2.740717532092234250e-04 -2.359314579591831502e-04 -2.014936678693415536e-04 -1.704185199316337240e-04 -1.419805831265973756e-04 -1.156008031225182821e-04 -9.076970807126482688e-05 -6.711655840770840500e-05 -4.429922206021313734e-05 -2.201264945656025956e-05 1.812638962974764075e-11
-4.893733036229967314e-04 -4.216068666187468045e-04 -3.636405618153980041e-04 -3.137406849047575980e-04 -2.703838836406083465e-04 -2.327417540229310207e-04 -1.987577776694555867e-04 -1.680960413873075466e-04 -1.400396771948903658e-04 -1.140165009947610855e-04 -8.952319028739398588e-05 -6.619343595881435854e-05 -4.368926405544085103e-05 -2.170935889978085101e-05 1.787657991958797021e-11
-4.830010514488755884e-04 -4.160748964411680427e-04 -3.588354913514815313e-04 -3.095685365576749466e-04 -2.667678909666576590e-04 -2.296144501509756863e-04 -1.960755926560460742e-04 -1.658192865300242005e-04 -1.381370772815362143e-04 -1.124635307515282141e-04 -8.830136460594745110e-05 -6.528862246819614411e-05 -4.309141453097093484e-05 -2.141209225668107570e-05 1.763172660552872304e-11
-4.767489243950441091e-04 -4.106478731737462392e-04 -3.541221059782865394e-04 -3.054764121671185240e-04 -2.632215772996623448e-04 -2.265476429116479483e-04 -1.934454781134703255e-04 -1.635868659968700144e-04 -1.362716210314612387e-04 -1.109409427018996609e-04 -8.710348322560721595e-05 -6.440156379675976200e-05 -4.250530717039616136e-05 -2.112066733309179894e-05 1.739168880120542177e-11
-4.706131572321413034e-04 -4.053225268805369817e-04 -3.494975636576102152e-04 -3.014618420068050381e-04 -2.597428000698286197e-04 -2.235394774449606580e-04 -1.908658415430840207e-04 -1.613974266592307861e-04 -1.344421766460347930e-04 -1.094478122802382134e-04 -8.592881822802532726e-05 -6.353172059446364147e-05 -4.193058545929568095e-05 -2.083490681761287645e-05 1.715632940611560428e-11
-4.645900616507468673e-04 -4.000956570302690554e-04 -3.449590846323904395e-04 -2.975224119303240952e-04 -2.563294659989077745e-04 -2.205881423098517515e-04 -1.883351282888642917e-04 -1.592496479413424318e-04 -1.326476398278491557e-04 -1.079832375667688822e-04 -8.477665963563259081e-05 -6.267856686686972727e-05 -4.136690174023095734e-05 -2.055463781227741943e-05 1.692548257824795756e-11
-4.586760140697619952e-04 -3.949641221704027361e-04 -3.405039426522076234e-04 -2.936557558971680804e-04 -2.529795247292718793e-04 -2.176918640478970875e-04 -1.858518169305103333e-04 -1.571422379486606200e-04 -1.308869305722634865e-04 -1.065463366859426003e-04 -8.364631337565806989e-05 -6.184158847337700856e-05 -4.081391622329904321e-05 -2.027969134151493994e-05 1.669904054159337132e-11
-4.528674423946168971e-04 -3.899248287486023392e-04 -3.361294555031777180e-04 -2.898595479283248952e-04 -2.496909619828044532e-04 -2.148489013574481120e-04 -1.834144143555489119e-04 -1.550739293330557524e-04 -1.291589897448689741e-04 -1.051362450346132775e-04 -8.253709911263534815e-05 -6.102028152960484023e-05 -4.027129593383418145e-05 -2.000990182983863145e-05 1.647685240017642513e-11
-4.471608114043574894e-04 -3.849747188161639307e-04 -3.318329746207551441e-04 -2.861314933062640716e-04 -2.464617920951337436e-04 -2.120575387482776311e-04 -1.810214504014593067e-04 -1.530434748042029040e-04 -1.274627753711218348e-04 -1.037521122799873151e-04 -8.144834790302935283e-05 -6.021415067963392767e-05 -3.973871357523505181e-05 -1.974510653776195479e-05 1.625878233723246448e-11
-4.415526063646644291e-04 -3.801107562795859036e-04 -3.276118735085696261e-04 -2.824693187878113973e-04 -2.432900497311899879e-04 -2.093160795135539168e-04 -1.786714719318537687e-04 -1.510496421740404758e-04 -1.257972585449772859e-04 -1.023930990530371691e-04 -8.037939961380792975e-05 -5.942270719577423240e-05 -3.921584627849234827e-05 -1.948514494145550243e-05 1.604465941931432972e-11
-4.360393143562937531e-04 -3.753299112783094692e-04 -3.234635346121120291e-04 -2.788707615369244138e-04 -2.401737805365973977e-04 -2.066228378132665185e-04 -1.763630361741854379e-04 -1.490912087914583652e-04 -1.241614188396733586e-04 -1.010583732427981258e-04 -7.932960003204654988e-05 -5.864546685203198646e-05 -3.870237420344914127e-05 -1.922985803928213083e-05 1.583439182293532466e-11
-4.306174026648592473e-04 -3.706291421473276865e-04 -3.193853341976781498e-04 -2.753335564026366936e-04 -2.371110304115458948e-04 -2.039761296054309339e-04 -1.740947030994582836e-04 -1.471669551845010816e-04 -1.225542390705727791e-04 -9.974710577161473909e-05 -7.829829757184043394e-05 -5.788194750251832941e-05 -3.819797894685938744e-05 -1.897908756240196932e-05 1.562782985298948685e-11
-4.252832933845084604e-04 -3.660053742649857869e-04 -3.153746246551993580e-04 -2.718554210567168282e-04 -2.340998330009898373e-04 -2.013742620845786354e-04 -1.718650265588823943e-04 -1.452756576741337882e-04 -1.209746992166867044e-04 -9.845846569547683541e-05 -7.728483945763746366e-05 -5.713166627654828249e-05 -3.770234169882856012e-05 -1.873267506117701832e-05 1.542489441347307080e-11
-4.200333331282334352e-04 -3.614554748700121289e-04 -3.114287134646378879e-04 -2.684340383571681482e-04 -2.311381948713471762e-04 -1.988155211817192822e-04 -1.696725438061541579e-04 -1.434160796512549897e-04 -1.194217692483075569e-04 -9.719161442655211564e-05 -7.628856722631666956e-05 -5.639413627421661115e-05 -3.721514107180598583e-05 -1.849046082926381808e-05 1.522541158632757968e-11
-4.148637563801439720e-04 -3.569762226378383465e-04 -3.075448378210960646e-04 -2.650670350995565773e-04 -2.282240776724145230e-04 -1.962981565383267312e-04 -1.675157629138332340e-04 -1.415869611091868886e-04 -1.178944005262184941e-04 -9.594569880938952214e-05 -7.530881133950030875e-05 -5.566886261000149799e-05 -3.673605050178050741e-05 -1.825228261593544950e-05 1.502926436549616149e-11
-4.097706405318470198e-04 -3.525642703982599158e-04 -3.037201335750140587e-04 -2.617519560358709746e-04 -2.253553763481519424e-04 -1.938203631668586574e-04 -1.653931474275681260e-04 -1.397870058872459538e-04 -1.163915153264597180e-04 -9.471984269225932858e-05 -7.434488462743614207e-05 -5.495533759974368412e-05 -3.626473508753752897e-05 -1.801797406021409990e-05 1.483630310099469345e-11
-4.047498499557571809e-04 -3.482160988064795333e-04 -2.999515966706921451e-04 -2.584862316457495570e-04 -2.225298921290217629e-04 -1.913802587348828574e-04 -1.633030973701379179e-04 -1.380148658890743873e-04 -1.149119938868738410e-04 -9.351313650864666890e-05 -7.339607418768865287e-05 -5.425303481475833242e-05 -3.580084768651185513e-05 -1.778736275695127236e-05 1.464637383138957493e-11
-3.997969654901742517e-04 -3.439279579716885771e-04 -2.962360345952253535e-04 -2.552671375855009289e-04 -2.197452985711077290e-04 -1.889758550159721662e-04 -1.612439253793491447e-04 -1.362691212664427214e-04 -1.134546581485831467e-04 -9.232462420450297878e-05 -7.246163122266992772e-05 -5.356140162446020161e-05 -3.534402401933920356e-05 -1.756026783193119172e-05 1.445937162798943976e-11
-3.949071943072054221e-04 -3.396957928862272074e-04 -2.925700043856366826e-04 -2.520917429354014813e-04 -2.169990982340877755e-04 -1.866050214855903046e-04 -1.592138262920168325e-04 -1.345482551693925736e-04 -1.120182510447841875e-04 -9.115328658925932225e-05 -7.154075809949144945e-05 -5.287984970242160968e-05 -3.489387643746949400e-05 -1.733649685514696538e-05 1.427509474412731515e-11
-3.900752530874827557e-04 -3.355151468051303237e-04 -2.889497323341946302e-04 -2.489568431923811984e-04 -2.142885666077522320e-04 -1.842654382154980397e-04 -1.572108377977788187e-04 -1.328506210902246373e-04 -1.106014097208531859e-04 -8.999801981251557528e-05 -7.063259162366680223e-05 -5.220774275600696473e-05 -3.444998586943814385e-05 -1.711584185204014712e-05 1.409334730044307637e-11
-3.852952143901840622e-04 -3.313810342151538805e-04 -2.853710084466193017e-04 -2.458588722134558689e-04 -2.116106784405246137e-04 -1.819545339968388397e-04 -1.552327887643032149e-04 -1.311743999830238493e-04 -1.092026303745144037e-04 -8.885760710902081811e-05 -6.973618108388125899e-05 -5.154438042104545419e-05 -3.401189125016554392e-05 -1.689807406843325100e-05 1.391399507309058792e-11
-3.805603015273760405e-04 -3.272877712422854750e-04 -2.818290455557248705e-04 -2.427937846853141127e-04 -2.089620094220396283e-04 -1.796694037728046916e-04 -1.532772302917951310e-04 -1.295175430575855812e-04 -1.078202213543599255e-04 -8.773068111085966349e-05 -6.885045896917724563e-05 -5.088897678249857206e-05 -3.357907542414523299e-05 -1.668293698923386601e-05 1.373682363528921250e-11
-3.758626102026472820e-04 -3.232287455111925497e-04 -2.783182881412383548e-04 -2.397568966449647239e-04 -2.063386027809884014e-04 -1.774066966134425641e-04 -1.513413421747775124e-04 -1.278776941723420947e-04 -1.064522395354547749e-04 -8.661567272449359359e-05 -6.797420124817548314e-05 -5.024063124018926312e-05 -3.315094602435685983e-05 -1.647013686911666342e-05 1.356159036280404661e-11
-3.711927240894937743e-04 -3.191960982907592103e-04 -2.748321482701481400e-04 -2.367426651986255569e-04 -2.037357850208845332e-04 -1.751624609780412219e-04 -1.494218037009309528e-04 -1.262520826395513267e-04 -1.050964024391566636e-04 -8.551074051857464157e-05 -6.710597250741708703e-05 -4.959828826865106443e-05 -3.272680906313157911e-05 -1.625932965421123447e-05 1.338798225955955524e-11
-3.665391736711040094e-04 -3.151802769658358736e-04 -2.713626337608652205e-04 -2.337443783015875421e-04 -2.011479064027708093e-04 -1.729319267722027648e-04 -1.475146116680560058e-04 -1.246373722342839841e-04 -1.037499644458076932e-04 -8.441367125887872902e-05 -6.624404867123940004e-05 -4.896068073353253703e-05 -3.230583173098627208e-05 -1.605010255890049008e-05 1.321569699479349077e-11
-3.618876581313850826e-04 -3.111693913935539889e-04 -2.678998132911329438e-04 -2.307537084271008270e-04 -1.985679675137119943e-04 -1.707091917081343473e-04 -1.456148184724406118e-04 -1.230294438728879664e-04 -1.024095386181214868e-04 -8.332173673541965701e-05 -6.538630575924382485e-05 -4.832624829535812834e-05 -3.188698884487140928e-05 -1.584194754550113422e-05 1.304427820940552541e-11
-3.572198997674269974e-04 -3.071482659565619297e-04 -2.644310283924702085e-04 -2.277600548746291475e-04 -1.959870688909277176e-04 -1.684867589837344218e-04 -1.437161459888060093e-04 -1.214230751968711157e-04 -1.010708339791895603e-04 -8.223148263964213879e-05 -6.453005584057021219e-05 -4.769301707797463314e-05 -3.146898387191356420e-05 -1.563422221205519337e-05 1.287322000696573393e-11
-3.525119117284080620e-04 -3.030970055099829882e-04 -2.609397009053975947e-04 -2.247495481265582469e-04 -1.933935776232002031e-04 -1.662548370797956271e-04 -1.418104006756681261e-04 -1.198114551388151542e-04 -9.972825744064177996e-05 -8.113840864674591244e-05 -6.367179843530538705e-05 -4.705841730576354888e-05 -3.105012923684641969e-05 -1.542609051494308616e-05 1.270175952618633767e-11
-3.477312976165688086e-04 -2.989887585538852097e-04 -2.574034719457487727e-04 -2.217034954579565238e-04 -1.907718258176947790e-04 -1.640002459531984835e-04 -1.398865596866067480e-04 -1.181854252979967518e-04 -9.837429161269268304e-05 -8.003646832174880332e-05 -6.280683187061024614e-05 -4.641899818912830671e-05 -3.062815918002763089e-05 -1.521643008431673355e-05 1.252913514403973161e-11
-3.428328913270865743e-04 -2.947861028590354772e-04 -2.537911928540476287e-04 -2.185958663626716566e-04 -1.881000041573991884e-04 -1.617046461776462034e-04 -1.379292908550165176e-04 -1.165322510731687811e-04 -9.699848674432830990e-05 -7.891725875081561780e-05 -6.192862343186902982e-05 -4.576996581693766483e-05 -3.019992642212085448e-05 -1.500368198793169898e-05 1.235396568471205404e-11
-3.377514222307922260e-04 -2.904349592600020567e-04 -2.500578540898314465e-04 -2.153890518491810568e-04 -1.853466074490175703e-04 -1.593415494150933812e-04 -1.359164531841279783e-04 -1.148335456375943278e-04 -9.558575728558250928e-05 -7.776865088254533503e-05 -6.102774464276639722e-05 -4.510440189799866633e-05 -2.976088929002625110e-05 -1.478559670171623935e-05 1.217441396220829917e-11
-3.323885630228737417e-04 -2.858538302197635717e-04 -2.461356087243117617e-04 -2.120263508981335267e-04 -1.824641321151193748e-04 -1.568710143907690088e-04 -1.338146598851013447e-04 -1.130615831392889662e-04 -9.411335571369036721e-05 -7.657235564367748310e-05 -6.008997884775842975e-05 -4.441187493954470294e-05 -2.930419989216948343e-05 -1.455878244795997528e-05 1.198768876721859716e-11
-3.265886875412256645e-04 -2.809136213780006881e-04 -2.419169151009428363e-04 -2.084178424476044002e-04 -1.793772127555602538e-04 -1.542296546163988242e-04 -1.315709135097291402e-04 -1.111723439782305009e-04 -9.254516127189384525e-05 -7.529932874391655467e-05 -5.909274724754615756e-05 -4.367581677404498209e-05 -2.881898142082663688e-05 -1.431785179839336593e-05 1.178937915064454243e-11
-3.200901608658183670e-04 -2.753969910213839513e-04 -2.372205021322244540e-04 -2.044118087356835566e-04 -1.759585894165044938e-04 -1.513103719855167300e-04 -1.290956226055511771e-04 -1.090913824984999039e-04 -9.082006644672996896e-05 -7.390042148368132437e-05 -5.799783434712884889e-05 -4.286818095234510510e-05 -2.828681981574709782e-05 -1.405368347133301575e-05 1.157192195816095720e-11
-3.124184717065911759e-04 -2.689088104437980576e-04 -2.317161515264571010e-04 -1.997314037035120013e-04 -1.719757228159207708e-04 -1.479172564272015892e-04 -1.262247476753499667e-04 -1.066822869444096185e-04 -8.882603120584265809e-05 -7.228547633917286165e-05 -5.673511178712934241e-05 -4.193748555308772887e-05 -2.767390769048193127e-05 -1.374952926678399453e-05 1.132158021633983706e-11
-3.026244311266865238e-04 -2.606553860981396698e-04 -2.247382177296580220e-04 -1.938169232568507749e-04 -1.669573328183962091e-04 -1.436524996126313221e-04 -1.226246388150824262e-04 -1.036672224110284866e-04 -8.633460751403025603e-05 -7.027050163555274755e-05 -5.516136480904801050e-05 -4.077854118175733419e-05 -2.691114409087605504e-05 -1.337114930109672501e-05 1.101017281967131516e-11
-2.885487110613562420e-04 -2.488168817300917828e-04 -2.147502420232347210e-04 -1.853691777704755659e-04 -1.598043456624086253e-04 -1.375849423338036562e-04 -1.175117964587767317e-04 -9.939203611503699969e-05 -8.280677157723688236e-05 -6.742062673126308003e-05 -5.293764869432879462e-05 -3.914214818981837297e-05 -2.583471085360131763e-05 -1.283733738906264729e-05 1.057090835746573285e-11
-2.644277985822559001e-04 -2.284520617005839603e-04 -1.975188013050431675e-04 -1.707637706412581827e-04 -1.474184831019911270e-04 -1.270678748616748256e-04 -1.086430329965573329e-04 -9.197268337039432259e-05 -7.668252959111879728e-05 -6.247239794911869318e-05 -4.907621436124272091e-05 -3.630043346466912810e-05 -2.396535922363204679e-05 -1.191030186881017232e-05 9.808027629914665341e-12
-2.135646365529481733e-04 -1.845925580415724756e-04 -1.597094602148038862e-04 -1.381938904794936058e-04 -1.194126220617746373e-04 -1.030209499730011280e-04 -8.816334810306822398e-05 -7.469871658319676060e-05 -6.232760607440323089e-05 -5.081095559647677502e-05 -3.993714905634240385e-05 -2.955316341136891563e-05 -1.951686327147085262e-05 -9.701301644022625320e-06 7.989416207051716668e-12
