-8.084037999867833141e-03 -8.152865557831677143e-03 -8.155651138024456320e-03 -8.061486440773117310e-03 -7.840602407910976165e-03 -7.478085205716909420e-03 -6.976653322007662049e-03 -6.349633464996179942e-03 -5.617786396792693801e-03 -4.800067049516434231e-03 -3.915359177351333472e-03 -2.978972956288242040e-03 -2.005763486283900551e-03 -1.008722834482693757e-03 3.767298581287988550e-10
-7.987408322202961888e-03 -8.014538850398841494e-03 -7.960896760870174449e-03 -7.797740677768968606e-03 -7.503008451098238003e-03 -7.073807227048796095e-03 -6.524135817217767766e-03 -5.873903019489230305e-03 -5.147533170219715203e-03 -4.362806242015015122e-03 -3.535397493611805962e-03 -2.676329373326351898e-03 -1.795575467415140656e-03 -9.011032002101182275e-04 3.362998260377086383e-10
-7.844202816025831748e-03 -7.816873188049284701e-03 -7.694695280507892615e-03 -7.455067288263883367e-03 -7.087199338117313417e-03 -6.600960126966974595e-03 -6.019108160581215436e-03 -5.364338275213958139e-03 -4.660698860058792858e-03 -3.922416836310694925e-03 -3.160859752457570448e-03 -2.382765217033352024e-03 -1.593949587655107188e-03 -7.985397361099475389e-04 2.978524128753539900e-10
-7.686416128283513755e-03 -7.605301096665906257e-03 -7.419698135646746184e-03 -7.114818490761489790e-03 -6.690459897310064089e-03 -6.165948583619308351e-03 -5.568738326365970867e-03 -4.921431666364218561e-03 -4.246021282990539852e-03 -3.553117233139893843e-03 -2.850454268137037842e-03 -2.141535454182895253e-03 -1.429221670979315129e-03 -7.150248023241169513e-04 2.665798537092083311e-10
-7.524775402167355014e-03 -7.393075825202906695e-03 -7.151002809084770588e-03 -6.791851212149407208e-03 -6.324370561543068286e-03 -5.774477136942571948e-03 -5.171795706109928205e-03 -4.537551276271942734e-03 -3.891257285293599037e-03 -3.240308970049612155e-03 -2.589486507315821515e-03 -1.939818732762977303e-03 -1.291978072035313528e-03 -6.455908373391266693e-04 2.405979512679177917e-10
-7.362765961848001701e-03 -7.183988231307544825e-03 -6.891920725074035699e-03 -6.487637181264580694e-03 -5.987194814844893319e-03 -5.420946271850498981e-03 -4.819112001609278211e-03 -4.200927894093990818e-03 -3.583354900286227912e-03 -2.970976917684977226e-03 -2.366143077523925886e-03 -1.767945198533496434e-03 -1.175390989667234130e-03 -5.867106903350254163e-04 2.185779283621255607e-10
-7.201755437069900893e-03 -6.979364152681933123e-03 -6.643154722338701947e-03 -6.201406001456941791e-03 -5.675994546754928836e-03 -5.100078907546981219e-03 -4.503440008296599566e-03 -3.903029928925296627e-03 -3.313310692279520901e-03 -2.736415373415739156e-03 -2.172676548601703683e-03 -1.619653183469497819e-03 -1.075073741514222594e-03 -5.361279573612824385e-04 1.996708774066015374e-10
-7.042448021452643245e-03 -6.779816704943066735e-03 -6.404774908460138076e-03 -5.932097181044666996e-03 -5.388168062391385932e-03 -4.807701073172337275e-03 -4.219343138349961227e-03 -3.637644758944865928e-03 -3.074684278449817294e-03 -2.530465350225560330e-03 -2.003643650180164312e-03 -1.490562175110417449e-03 -9.879653899866982537e-04 -4.922703092077151520e-04 1.832855416893304456e-10
-6.885299680637188210e-03 -6.585696907684454766e-03 -6.176654932353568654e-03 -5.678673188435408303e-03 -5.121504988567218350e-03 -4.540455211119671756e-03 -3.962575051784785092e-03 -3.400004601673727641e-03 -2.862587527602051228e-03 -2.348485545922274383e-03 -1.854961435940740127e-03 -1.377396231947148903e-03 -9.117810774743089408e-04 -4.539652565329907810e-04 1.689811414463860793e-10
-6.730646151960117084e-03 -6.397222204788481463e-03 -5.958578181357919099e-03 -5.440153552236311890e-03 -4.874092113565886737e-03 -4.295550614942252043e-03 -3.729688797729585181e-03 -3.186296988898110021e-03 -2.673150780236082345e-03 -2.186826906612714377e-03 -1.723435092465126425e-03 -1.277600346333220178e-03 -8.447425485364049892e-04 -4.203013680947041177e-04 1.564151751743915687e-10
-6.578747732012043235e-03 -6.214521018850072305e-03 -5.750271052657520213e-03 -5.215609810150772380e-03 -4.644240526660481719e-03 -4.070609930921627317e-03 -3.517811374978653625e-03 -2.993390123750532678e-03 -2.503227268693733291e-03 -2.042543443261685566e-03 -1.606498718580624081e-03 -1.189129992807043748e-03 -7.854303162480345346e-04 -3.905521184939450812e-04 1.453147171928329802e-10
-6.429808301162027138e-03 -6.037653757999287933e-03 -5.551419458308089541e-03 -5.004160121622133056e-03 -4.430439926008014617e-03 -3.863575374260913662e-03 -3.324506949321998691e-03 -2.818666361241836844e-03 -2.350213539017163237e-03 -1.913215966874038743e-03 -1.502056765227984371e-03 -1.110321985164011184e-03 -7.326927162662889674e-04 -3.641289654882919839e-04 1.354588331274861698e-10
-6.283985685819093100e-03 -5.866626331762113226e-03 -5.361680761983758821e-03 -4.804967081502952223e-03 -4.231329631875409454e-03 -3.672647730144208353e-03 -3.147687130098679367e-03 -2.659912322130394795e-03 -2.211930341799967642e-03 -1.796834637902653634e-03 -1.408377960211879996e-03 -1.039807801368950162e-03 -6.855847229249731811e-04 -3.405497370582722663e-04 1.266666060353136645e-10
-6.141398738186430555e-03 -5.701400611387427361e-03 -5.180693618832147088e-03 -4.617237302137262855e-03 -4.045678756756668215e-03 -3.496243559408898118e-03 -2.985547629009032214e-03 -2.515241034258038771e-03 -2.086538002506514288e-03 -1.691715310513567869e-03 -1.324019597005165203e-03 -9.764516158424543226e-04 -6.433241531573635503e-04 -3.194159859227013124e-04 1.187886101003253469e-10
-6.002132919823796424e-03 -5.541903123488834543e-03 -5.008086168737879706e-03 -4.440221470603519967e-03 -3.872371372715666810e-03 -3.332963092682186129e-03 -2.836520855541937568e-03 -2.383033758734550995e-03 -1.972473253068143025e-03 -1.596437124319211205e-03 -1.247771067868560331e-03 -9.193040882771950353e-04 -6.052590081435508564e-04 -3.003961033447615967e-04 1.117005410503807615e-10
-5.866245021203473839e-03 -5.388032407836532839e-03 -4.843482715625651268e-03 -4.273214215639475899e-03 -3.710394539507690364e-03 -3.181564879196201959e-03 -2.699238903626088523e-03 -2.261894870554859074e-03 -1.868400457495667313e-03 -1.509794467115597788e-03 -1.178610496778576683e-03 -8.675669293839223138e-04 -5.708424580509601247e-04 -2.832123928834849396e-04 1.052983543577761464e-10
-5.733767264557874596e-03 -5.239665241785067783e-03 -4.686509033068178565e-03 -4.115553539879651494e-03 -3.558828115216957060e-03 -3.040945042301498001e-03 -2.572503790566023525e-03 -2.150615954013638306e-03 -1.773173069439704704e-03 -1.430759204256746046e-03 -1.115670765072189659e-03 -8.205652141868472827e-04 -5.396133312033338410e-04 -2.676309989766252010e-04 9.949447744659839593e-11
-5.604710904859583689e-03 -5.096661875159030040e-03 -4.536796470534356328e-03 -3.966619789842017532e-03 -3.416835800930711521e-03 -2.910119898279077064e-03 -2.455263043277733023e-03 -2.048146719927132486e-03 -1.685802680669018679e-03 -1.358450535026840735e-03 -1.058212521142175202e-03 -7.777254594755974876e-04 -5.111807000177040353e-04 -2.534539606980218949e-04 9.421482612085312722e-11
-5.479069396532072408e-03 -4.958870402246830233e-03 -4.393985046107416921e-03 -3.825834229728876726e-03 -3.283657131523752114e-03 -2.788211167967692781e-03 -2.346589393926251915e-03 -1.953571151744238135e-03 -1.605433875560796468e-03 -1.292110672788964474e-03 -1.005602515818227296e-03 -7.385580921408134783e-04 -4.852115853481040668e-04 -2.405128824391772487e-04 8.939638190270553157e-11
-5.356821175460319343e-03 -4.826130387736330546e-03 -4.257725703328925880e-03 -3.692657314932161310e-03 -3.158600251520328559e-03 -2.674433268647204674e-03 -2.245663729532163585e-03 -1.866087760414068949e-03 -1.531323623568912884e-03 -1.231085059078233009e-03 -9.572960715776759194e-04 -7.026433182002080188e-04 -4.614210722837402447e-04 -2.286638538157299936e-04 8.498532781920145309e-11
-5.237932097868826589e-03 -4.698275853295640764e-03 -4.127681891202703013e-03 -3.566586761111613033e-03 -3.041035376353421610e-03 -2.568082321740693726e-03 -2.151760673291252569e-03 -1.784993125624099140e-03 -1.462824274174863957e-03 -1.174806157279528404e-03 -9.128228021158464904e-04 -6.696196577057371901e-04 -4.395643124354410526e-04 -2.177833456600430267e-04 8.093548377701893637e-11
-5.122357573034211353e-03 -4.575137720342774966e-03 -4.003530604075580292e-03 -3.447155492503752548e-03 -2.930388868914960733e-03 -2.468526602179151128e-03 -2.064236326366263984e-03 -1.709668099623811062e-03 -1.399369444671919862e-03 -1.122780102212611727e-03 -8.717749127385526721e-04 -6.391745889850732271e-04 -4.194300152947515094e-04 -2.077648753919090108e-04 7.720706320458799142e-11
-5.010044423343063685e-03 -4.456545793072572148e-03 -3.884962995919447222e-03 -3.333929537343755228e-03 -2.826137875710252843e-03 -2.375198213942877976e-03 -1.982517802302455855e-03 -1.639566188947591801e-03 -1.340462251367234266e-03 -1.074575646982861739e-03 -8.337975659483784930e-04 -6.110368743971210295e-04 -4.008351235761804235e-04 -1.985162832083558094e-04 7.376562846274450993e-11
-4.900932502159605769e-03 -4.342330354730497728e-03 -3.771684663302357458e-03 -3.226505922857451653e-03 -2.727805474326838037e-03 -2.287585816921101911e-03 -1.906094260485993556e-03 -1.574203730698433548e-03 -1.285665452391632907e-03 -1.029814970104457692e-03 -7.985809103377319688e-04 -5.849702350585329457e-04 -3.836204358482700081e-04 -1.899574962181554711e-04 7.058128918256247489e-11
-4.794956097122216043e-03 -4.232323439886913861e-03 -3.663415673738221190e-03 -3.124510608767442753e-03 -2.634956288225851102e-03 -2.205228260024129014e-03 -1.834509200537842201e-03 -1.513151556203661159e-03 -1.234593158870552539e-03 -9.881659975860066902e-04 -7.658534566332478571e-04 -5.607681137983331785e-04 -3.676469912865060153e-04 -1.820186845242891579e-04 6.762795113001424838e-11
-4.692045143802496543e-03 -4.126359836281826357e-03 -3.559890401229923000e-03 -3.027596487085853442e-03 -2.547192527905790902e-03 -2.127708998390301712e-03 -1.767353822255577581e-03 -1.456027893426483331e-03 -1.186903839206097629e-03 -9.493359649238075669e-04 -7.353765503133630633e-04 -5.382493204345527825e-04 -3.527930706898162053e-04 -1.746387337476870032e-04 6.488281269442399954e-11
-4.592126272141318355e-03 -4.024277861731827104e-03 -3.460857218472522968e-03 -2.935441467058359441e-03 -2.464150420097705341e-03 -2.054651190795740105e-03 -1.704261289382353250e-03 -1.402492305373701561e-03 -1.142294394191233986e-03 -9.130659984638440614e-04 -7.069397409457502460e-04 -5.172543957799785380e-04 -3.389516981803063623e-04 -1.677639742512240740e-04 6.232586331061462016e-11
-4.495123705734960229e-03 -3.925919954579825712e-03 -3.366078085053163509e-03 -2.847746657201638120e-03 -2.385496989158910567e-03 -1.985713388325971267e-03 -1.644901762475041700e-03 -1.352240498123621340e-03 -1.100495122408551990e-03 -8.791265383118548752e-04 -6.803568879755185440e-04 -4.976425637022737327e-04 -3.260285515102712790e-04 -1.613471195463528774e-04 5.993944459639811749e-11
-4.400960031888802998e-03 -3.831133110139251039e-03 -3.275328062741679567e-03 -2.764234651107749709e-03 -2.310927157342083319e-03 -1.920585737831768383e-03 -1.588978088062747204e-03 -1.304999861263101031e-03 -1.061265428530476333e-03 -8.473134587065902189e-04 -6.554628738080863198e-04 -4.792891663464673470e-04 -3.139402072659701944e-04 -1.553463759018085678e-04 5.770797077427865586e-11
-4.309556858386457377e-03 -3.739769190433240784e-03 -3.188394782298036891e-03 -2.684647919756069558e-03 -2.240161133132852894e-03 -1.858986634208722403e-03 -1.536222049255989109e-03 -1.260525627087924309e-03 -1.024390153681910970e-03 -8.174447685867022731e-04 -6.321108196341880666e-04 -4.620834979405091521e-04 -3.026126616888144810e-04 -1.497246926566829376e-04 5.561762241643462638e-11
-4.220835371134322965e-03 -3.651685130148792785e-03 -3.105077880852786035e-03 -2.608747310197083967e-03 -2.172942059339122347e-03 -1.800659764487835910e-03 -1.486391097803945165e-03 -1.218597554083387761e-03 -9.896764283953425178e-04 -7.893577965141494214e-04 -6.101697190051579619e-04 -4.459269686903833047e-04 -2.919800792331879425e-04 -1.444491286415171695e-04 5.365612697500468820e-11
-4.134716805226834081e-03 -3.566743058012529499e-03 -3.025188424607280161e-03 -2.536310648419348550e-03 -2.109033895040573516e-03 -1.745371494378262838e-03 -1.439265499916343467e-03 -1.179017055866550621e-03 -9.569509659786758779e-04 -7.629067813305589986e-04 -5.895224197909271560e-04 -4.307315430707335177e-04 -2.819837300254637727e-04 -1.394903147866011174e-04 5.181253085607732710e-11
-4.051122840525949939e-03 -3.484810349654724523e-03 -2.948548328153402509e-03 -2.467131442791256797e-03 -2.048219507832008644e-03 -1.692908554473282305e-03 -1.394645838440273936e-03 -1.141604709633555967e-03 -9.260577281673631990e-04 -7.379608038088555921e-04 -5.700638976896902623e-04 -4.164184070459469667e-04 -2.725710845983709955e-04 -1.348219967177977357e-04 5.007705129495129395e-11
-3.969975931547584450e-03 -3.405759625378091716e-03 -2.874989778963598155e-03 -2.401017683531842320e-03 -1.990298954993338035e-03 -1.643075988984464553e-03 -1.352350822581114545e-03 -1.106198088757309305e-03 -8.968559063970188601e-04 -7.144020058097660204e-04 -5.516997745578104727e-04 -4.029168269656914166e-04 -2.636950400459549845e-04 -1.304206441142565756e-04 4.844092007479111588e-11
-3.891199580285688558e-03 -3.329468704013981151e-03 -2.804354673416566655e-03 -2.337790733090414942e-03 -1.935087934275799351e-03 -1.595695334742264345e-03 -1.312215363575941528e-03 -1.072649872949730035e-03 -8.692181714210472226e-04 -6.921240525969331184e-04 -5.343450429964644423e-04 -3.901631694934642514e-04 -2.553132563823479282e-04 -1.262651159888759998e-04 4.689625799502102460e-11
-3.814718559569624506e-03 -3.255820522168098238e-03 -2.736494068993037751e-03 -2.277284302010408081e-03 -1.882416386898906613e-03 -1.550603002407114446e-03 -1.274088880804851191e-03 -1.040826196678355147e-03 -8.430291517120953827e-04 -6.710308014256887018e-04 -5.179229652627643371e-04 -3.781000572762830835e-04 -2.473875856295347292e-04 -1.223363729754654427e-04 4.543597158037581329e-11
-3.740459093629960353e-03 -3.184703026576181893e-03 -2.671267655910291965e-03 -2.219343504746388272e-03 -1.832127237103744859e-03 -1.507648835468772177e-03 -1.237833807953450703e-03 -1.010605202582030501e-03 -8.181841074453760675e-04 -6.510351456294957706e-04 -5.023641199754485653e-04 -3.666756394069977895e-04 -2.398835791900846533e-04 -1.186172292612540981e-04 4.405366719845981841e-11
-3.668349001731474341e-03 -3.116009045961011352e-03 -2.608543250391850542e-03 -2.163823989939600827e-03 -1.784075254207441973e-03 -1.466694825753441043e-03 -1.203324273176463845e-03 -9.818757716824470013e-04 -7.945877721203220253e-04 -6.320580084464976368e-04 -4.876055745014132433e-04 -3.558429592690296470e-04 -2.327700615240927686e-04 -1.150921380662154854e-04 4.274355326441696989e-11
-3.598317810008861816e-03 -3.049636147666340627e-03 -2.548196310932024453e-03 -2.110591139794256235e-03 -1.738126024556609995e-03 -1.427613966876803550e-03 -1.170444930887125931e-03 -9.545364064154971458e-04 -7.721533382379729268e-04 -6.140274649642481555e-04 -4.735901645328749248e-04 -3.455594052466309058e-04 -2.260187601594198159e-04 -1.117470055989840848e-04 4.150037428654643569e-11
-3.530296836001230523e-03 -2.985486483407304506e-03 -2.490109478266407279e-03 -2.059519333401952420e-03 -1.694155022092182173e-03 -1.390289229435761036e-03 -1.139089925917656163e-03 -9.284942460517994637e-04 -7.508015670786424497e-04 -5.968779739793807606e-04 -4.602658653463847843e-04 -3.357862321571432546e-04 -2.196039837094768230e-04 -1.085690292601454102e-04 4.031936109833380520e-11
-3.464219249816593345e-03 -2.923466627692580637e-03 -2.434172139261888117e-03 -2.010491269111028701e-03 -1.652046767423336580e-03 -1.354612643772184696e-03 -1.109161973450755335e-03 -9.036641970569248006e-04 -7.304600056495103152e-04 -5.805497044039631925e-04 -4.475852416967709057e-04 -3.264881432155419599e-04 -2.135023409243069499e-04 -1.055465565537344093e-04 3.919618454734540344e-11
-3.400020115359586592e-03 -2.863487411816904860e-03 -2.380280014562005490e-03 -1.963397341313425845e-03 -1.611694066373815836e-03 -1.320484477912124829e-03 -1.080571540384640469e-03 -8.799681634543488670e-04 -7.110622964017714433e-04 -5.649879432073350201e-04 -4.355049653380555007e-04 -3.176329239547292789e-04 -2.076924949145441779e-04 -1.026689617358402445e-04 3.812688831128289093e-11
-3.337636414616756888e-03 -2.805463755773543802e-03 -2.328334769541525167e-03 -1.918135067310092461e-03 -1.572997319919861459e-03 -1.287812499820636860e-03 -1.053236115726191796e-03 -8.573343643768233796e-04 -6.925475674382389289e-04 -5.501425738485407266e-04 -4.239853908571689914e-04 -3.091911208617367985e-04 -2.021549476087709275e-04 -9.992653769832583798e-05 3.710785926403430669e-11
-3.277007057607732570e-03 -2.749314499977905529e-03 -2.278243647917991502e-03 -1.874608560207728560e-03 -1.535863898295122690e-03 -1.256511314447679353e-03 -1.027079559259321982e-03 -8.356967277889353757e-04 -6.748598927157982950e-04 -5.359676157986893166e-04 -4.129901819173673614e-04 -3.011357586005145547e-04 -1.968718502687680921e-04 -9.731040097438768742e-05 3.613578569654598234e-11
-3.218072880271091035e-03 -2.694962238311192793e-03 -2.229919127221656298e-03 -1.832728044087632898e-03 -1.500207572803270890e-03 -1.226501767201820369e-03 -1.002031519151992244e-03 -8.149943508887496800e-04 -6.579478132499707102e-04 -5.224208171314237252e-04 -4.024859811878639284e-04 -2.934420906176040105e-04 -1.918268365228811595e-04 -9.481240807609835715e-05 3.520764126964638039e-11
-3.160776632255683696e-03 -2.642333153675016037e-03 -2.183278595226165533e-03 -1.792409407966936074e-03 -1.465947999562795378e-03 -1.197710406499690947e-03 -9.780269103806995407e-04 -7.951710189931757459e-04 -6.417639115989391858e-04 -5.094632933193211271e-04 -3.924421182240529511e-04 -2.860873787008434981e-04 -1.870048749079539739e-04 -9.242508164318418058e-05 3.432064494532245185e-11
-3.105062956326566995e-03 -2.591356856983629414e-03 -2.138244046380020566e-03 -1.753573795340128416e-03 -1.433010250018619709e-03 -1.170068998920054549e-03 -9.550054468967685960e-04 -7.761747758173257730e-04 -6.262644329795817328e-04 -4.970592063516902914e-04 -3.828303503932913325e-04 -2.790506977099603157e-04 -1.823921383546114568e-04 -9.014154510778622385e-05 3.347222572998246405e-11
-3.050878360865399118e-03 -2.541966230301702292e-03 -2.094741797245223188e-03 -1.716147226342541830e-03 -1.401324383599553613e-03 -1.143514091260088884e-03 -9.329112213589727367e-04 -7.579575390016893852e-04 -6.114089472812973738e-04 -4.851754791151976186e-04 -3.736246326408832830e-04 -2.723127622431368048e-04 -1.779758884230694081e-04 -8.795546476898594569e-05 3.266004952570987817e-11
-2.998171186744400755e-03 -2.494097274654725419e-03 -2.052702219937871300e-03 -1.680060249816239673e-03 -1.370825058385819611e-03 -1.117986614462685010e-03 -9.116923270340027141e-04 -7.404747555492269956e-04 -5.971600470201969893e-04 -4.737815406792771165e-04 -3.648009124817563637e-04 -2.658557724633844443e-04 -1.737443724105250885e-04 -8.586099832958403455e-05 3.188192559953974904e-11
-2.946891569677134552e-03 -2.447688962890351601e-03 -2.012059492570577278e-03 -1.645247622782100051e-03 -1.341451176083516056e-03 -1.093431524970361413e-03 -8.913005171375093906e-04 -7.236850925268809671e-04 -5.834830769386697199e-04 -4.628490987227729440e-04 -3.563369471041592709e-04 -2.596632766971811016e-04 -1.696867317160661573e-04 -8.385274908184480759e-05 3.113586115319903583e-11
-2.896991398995752472e-03 -2.402683097847027431e-03 -1.972751365714258374e-03 -1.611648015029523663e-03 -1.313145557988542678e-03 -1.069797479574961059e-03 -8.716908974697961223e-04 -7.075501589814580305e-04 -5.703458915217077914e-04 -4.523519358446100101e-04 -3.482121398966915408e-04 -2.537200487469183164e-04 -1.657929200728525424e-04 -8.192572504225247238e-05 3.041998219348736092e-11
-2.848424273670142545e-03 -2.359024175986611932e-03 -1.934718943923726710e-03 -1.579203736727611152e-03 -1.285854648966146350e-03 -1.047036540282269982e-03 -8.528216487040142513e-04 -6.920342555321956721e-04 -5.577186371863695471e-04 -4.422657269336398647e-04 -3.404073940716611894e-04 -2.480119781385296666e-04 -1.620536304477639827e-04 -8.007530243133044847e-05 2.973257291731563597e-11
-2.801145456267196011e-03 -2.316659256567018925e-03 -1.897906481404894232e-03 -1.547860487139515219e-03 -1.259528246778794007e-03 -1.025103906105496489e-03 -8.346537751225476150e-04 -6.771041485443546467e-04 -5.455735563171077666e-04 -4.325678751421940305e-04 -3.329049813665444749e-04 -2.425259717639657907e-04 -1.584602295703337418e-04 -7.829719297639111883e-05 2.907204277798275530e-11
-2.755111825446308720e-03 -2.275537836365789345e-03 -1.862261190939415358e-03 -1.517567122685174784e-03 -1.234119254368359377e-03 -1.003957669048097072e-03 -8.171508769778842952e-04 -6.627288661701664224e-04 -5.338848106778758349e-04 -4.232373643249160203e-04 -3.256884240693462920e-04 -2.372498655812960698e-04 -1.550046991905942113e-04 -7.658741458462429801e-05 2.843691143314706085e-11
-2.710281827498327821e-03 -2.235611729913634070e-03 -1.827733065223221143e-03 -1.488275442748122294e-03 -1.209583452942435914e-03 -9.835585918411596761e-04 -8.002789439859735610e-04 -6.488795138742333053e-04 -5.226283220406085063e-04 -4.142546260768131903e-04 -3.187423888397608509e-04 -2.321723452095482291e-04 -1.516795832834798882e-04 -7.494226499338097283e-05 2.782579821876159065e-11
-2.666615427357586603e-03 -2.196834955155863630e-03 -1.794274709817843391e-03 -1.459939991759933667e-03 -1.185879293932093001e-03 -9.638699052689366463e-04 -7.840061677495352519e-04 -6.355291073471998342e-04 -5.117816281362016877e-04 -4.056014197385389647e-04 -3.120525909925217934e-04 -2.272828744045210221e-04 -1.484779405185542001e-04 -7.335829805555403127e-05 2.723742542310768579e-11
-2.624074059449548260e-03 -2.159163624427778115e-03 -1.761841186956313162e-03 -1.432517876222246791e-03 -1.162967708082815032e-03 -9.448571231524252254e-04 -7.683027711617064362e-04 -6.226524209609154460e-04 -5.013237522649495763e-04 -3.972607239395942809e-04 -3.056057080766983207e-04 -2.225716305299957494e-04 -1.453933014001030993e-04 -7.183230236144436663e-05 2.667059510509696846e-11
-2.582620578678105315e-03 -2.122555840605586368e-03 -1.730389869488200335e-03 -1.405968595441759979e-03 -1.140811930113717204e-03 -9.264878732694806348e-04 -7.531408530618772298e-04 -6.102258501352392705e-04 -4.912350851033254508e-04 -3.892166384245355224e-04 -2.993893017289594202e-04 -2.180294462495156748e-04 -1.424196295578843867e-04 -7.036128193631360946e-05 2.612419125246475942e-11
-2.542219211805941785e-03 -2.086971598276223232e-03 -1.699880304290371947e-03 -1.380253884859241990e-03 -1.119377337535512086e-03 -9.087317426740992724e-04 -7.384942466095492089e-04 -5.982272861755781384e-04 -4.814972774177857392e-04 -3.814542950591250656e-04 -2.933917469036232024e-04 -2.136477567592058873e-04 -1.395512867327221393e-04 -6.894243878510344426e-05 2.559717908617012588e-11
-2.502835509437594669e-03 -2.052372689756388514e-03 -1.670274084511080663e-03 -1.355337570949937363e-03 -1.098631302356198759e-03 -8.915601360405981746e-04 -7.243383900124715806e-04 -5.866360023058536134e-04 -4.720931425474413339e-04 -3.739597770445316806e-04 -2.876021676906046496e-04 -2.094185519646383359e-04 -1.367830010570157435e-04 -6.757315708375118341e-05 2.508858159291904257e-11
-2.464436298776925480e-03 -2.018722615782216588e-03 -1.641534730054440127e-03 -1.331185436760754003e-03 -1.078543054527812770e-03 -8.749461458024001366e-04 -7.106502083951561199e-04 -5.754325497657733404e-04 -4.630065676492144903e-04 -3.667200454820926598e-04 -2.820103790259711096e-04 -2.053343330763140572e-04 -1.341098382783328566e-04 -6.625098884084072335e-05 2.459749650439773496e-11
-2.426989637298083719e-03 -1.985986500685547624e-03 -1.613627575750201928e-03 -1.307765097229757895e-03 -1.059083556098640170e-03 -8.588644329832389795e-04 -6.974080057255532252e-04 -5.645986629680876858e-04 -4.542224328143593874e-04 -3.597228725307887592e-04 -2.766068336815930939e-04 -2.013880731605956816e-04 -1.315271756161444188e-04 -6.497364087441331458e-05 2.412306540562683340e-11
-2.390464767440886144e-03 -1.954131011870109506e-03 -1.586519666689979258e-03 -1.285045883506762176e-03 -1.040225385135050678e-03 -8.432911177317741185e-04 -6.845913658341598595e-04 -5.541171728227174209e-04 -4.457265372656769018e-04 -3.529567804863658308e-04 -2.713825739914374675e-04 -1.975731812367574679e-04 -1.290306779781024002e-04 -6.373896296677277406e-05 2.366449119445628093e-11
-2.354832072417383133e-03 -1.923124283400543281e-03 -1.560179660245274765e-03 -1.262998735560404238e-03 -1.021942628566406466e-03 -8.282036786715857388e-04 -6.721810616623208594e-04 -5.439719274321825650e-04 -4.375055319332188061e-04 -3.464109861870828008e-04 -2.663291878340731016e-04 -1.938834695582130317e-04 -1.266162762938539206e-04 -6.254493707635396156e-05 2.322102525661733882e-11
-2.320063033195691234e-03 -1.892935843518494740e-03 -1.534577734315183606e-03 -1.241596102417819427e-03 -1.004210783186764962e-03 -8.135808602680602922e-04 -6.601589719672747766e-04 -5.341477194488784093e-04 -4.295468577835841227e-04 -3.400753502176845095e-04 -2.614387684452373602e-04 -1.903131237571349980e-04 -1.242801477522026128e-04 -6.138966749929744430e-05 2.279195078903001926e-11
-2.286130186709442111e-03 -1.863536545902853793e-03 -1.509685501382123296e-03 -1.220811849438520856e-03 -9.870066641191111746e-04 -7.994025874934887000e-04 -6.485080047918005339e-04 -5.246302194606565668e-04 -4.218386893460837508e-04 -3.339403304414034789e-04 -2.567038776819631843e-04 -1.868566755675515542e-04 -1.220186977514889620e-04 -6.027137188578224580e-05 2.237661562148195070e-11
-2.253007085326132024e-03 -1.834898504495126618e-03 -1.485475927982882150e-03 -1.200621172074524141e-03 -9.703083201125843561e-04 -7.856498871428030384e-04 -6.372120270776136537e-04 -5.154059148379327602e-04 -4.143698829389255212e-04 -3.279969394413158584e-04 -2.521175124013141401e-04 -1.835089778738052918e-04 -1.198285433942432901e-04 -5.918837302654243146e-05 2.197438725950176600e-11
-2.220668257594891892e-03 -1.806995031715629947e-03 -1.461923259229145917e-03 -1.181000515614745970e-03 -9.540949551014091517e-04 -7.723048152159179072e-04 -6.262557998647970501e-04 -5.064620535349013963e-04 -4.071299291515170630e-04 -3.222367054973131802e-04 -2.476730736535141808e-04 -1.802651818588088648e-04 -1.177064983758484035e-04 -5.813909133448312187e-05 2.158468928413762004e-11
-2.189089170283381545e-03 -1.779800579901564270e-03 -1.439002948036937355e-03 -1.161927500453655612e-03 -9.383468555066942990e-04 -7.593503898393582762e-04 -6.156249185756828028e-04 -4.977865923898837364e-04 -4.001089091856289493e-04 -3.166516367649366108e-04 -2.433643384216000523e-04 -1.771207160511415694e-04 -1.156495591331174001e-04 -5.712203795442277347e-05 2.120697247681777612e-11
-2.158246191704386256e-03 -1.753290685803890903e-03 -1.416691588748109163e-03 -1.143380852462465465e-03 -9.230453228095101843e-04 -7.467705292503736773e-04 -6.053057579316924435e-04 -4.893681495162096424e-04 -3.932974546994979148e-04 -3.112341883573825022e-04 -2.391854336680769480e-04 -1.740712670913258705e-04 -1.136548921333314357e-04 -5.613580844118138709e-05 2.084070049701214581e-11
-2.128116556325177541e-03 -1.727441917985994427e-03 -1.394966854849011327e-03 -1.125340338075960520e-03 -9.081726109661630289e-04 -7.345499944124276497e-04 -5.952854210961346093e-04 -4.811959604164552573e-04 -3.866867108355181233e-04 -3.059772320630849227e-04 -2.351308124742621105e-04 -1.711127620567358680e-04 -1.117198221966539731e-04 -5.517907695266034370e-05 2.048539006528668046e-11
-2.098678330646310333e-03 -1.702231826973495121e-03 -1.373807440512140546e-03 -1.107786703739930840e-03 -8.937118682750289653e-04 -7.226743358713509950e-04 -5.855516926756298719e-04 -4.732598374894447270e-04 -3.802683021446405911e-04 -3.008740284587769131e-04 -2.311952320802487207e-04 -1.682413522012693062e-04 -1.098418217562958303e-04 -5.425059091002872345e-05 2.014057602835212674e-11
-2.069910380331391273e-03 -1.677638898010896289e-03 -1.353193005705642053e-03 -1.090701619393229325e-03 -8.796470833390985372e-04 -7.111298444981615195e-04 -5.760929952484077207e-04 -4.655501326321987484e-04 -3.740343011494267158e-04 -2.959182012024029864e-04 -2.273737336530319683e-04 -1.654533979807057398e-04 -1.080185009705478228e-04 -5.334916608233550669e-05 1.980581411010041927e-11
-2.041792338565120990e-03 -1.653642506287249844e-03 -1.333104124633446895e-03 -1.074067625684923958e-03 -8.659630347996521765e-04 -6.999035057971463372e-04 -5.668983491193739597e-04 -4.580577026681412244e-04 -3.679771993133379329e-04 -2.911037133119153612e-04 -2.236616236279083186e-04 -1.627454552479943326e-04 -1.062475986097704097e-04 -5.247368205688520418e-05 1.948069153164992904e-11
-2.014304575613526209e-03 -1.630222874499340311e-03 -1.313522237285371166e-03 -1.057868084651343446e-03 -8.526452445448060285e-04 -6.889829574874119320e-04 -5.579573350303172752e-04 -4.507738773587945721e-04 -3.620898802067715194e-04 -2.864248452552161555e-04 -2.200544564837657356e-04 -1.601142625142410771e-04 -1.045269736489148378e-04 -5.162307806106704728e-05 1.916481261850172737e-11
-1.987428169557643384e-03 -1.607361032627153226e-03 -1.294429603892009902e-03 -1.042087133599830769e-03 -8.396799341224936257e-04 -6.783564500925033831e-04 -5.492600595789296630e-04 -4.436904297795006189e-04 -3.563655946805153693e-04 -2.818761746937041872e-04 -2.165480188266052334e-04 -1.575567291815395789e-04 -1.028545975034708557e-04 -5.079634910435289468e-05 1.885779738870327353e-11
-1.961144878169751929e-03 -1.585038779802538933e-03 -1.275809262093564010e-03 -1.026709641966294141e-03 -8.270539841105222509e-04 -6.680128102966041747e-04 -5.407971231234172567e-04 -4.367995488605249852e-04 -3.507979378757465974e-04 -2.774525577373004349e-04 -2.131383146680570508e-04 -1.550699246631691145e-04 -1.012285468524907946e-04 -4.999254241254640194e-05 1.855929750652458101e-11
-1.935437111899818759e-03 -1.563238648157955690e-03 -1.257644986645031771e-03 -1.011721170932156598e-03 -8.147548962175480899e-04 -6.579414068473912747e-04 -5.325595899697032395e-04 -4.300938139134633637e-04 -3.453808279158417896e-04 -2.731491115823009991e-04 -2.098215517965590024e-04 -1.526510683147327626e-04 -9.964699699812164854e-05 -4.921075412904740145e-05 1.826898085748752910e-11
-1.910287907938686136e-03 -1.541943868547905952e-03 -1.239921251492592975e-03 -9.971079356031233021e-04 -8.027707579078846318e-04 -6.481321188050053785e-04 -5.245389606568479730e-04 -4.235661709796562720e-04 -3.401084861397785423e-04 -2.689611984158185132e-04 -2.065941291486504271e-04 -1.502975201072501025e-04 -9.810821571583820753e-05 -4.845012626021225847e-05 1.798651544485557049e-11
-1.885680905323814435e-03 -1.521138338041318032e-03 -1.222623194067498989e-03 -9.828567695678190261e-04 -7.910902093604301865e-04 -6.385753059541629962e-04 -5.167271461728932622e-04 -4.172099108521893913e-04 -3.349754187500640808e-04 -2.648844104813888496e-04 -2.034526250966920899e-04 -1.480067719799088772e-04 -9.661055755399418300e-05 -4.770984384429307972e-05 1.771161261858852206e-11
-1.861600321052961707e-03 -1.500806589088433561e-03 -1.205736581654466349e-03 -9.689550916684014619e-04 -7.797024125878076247e-04 -6.292617812122525394e-04 -5.091164439482455655e-04 -4.110186486366694688e-04 -3.299763997598098358e-04 -2.609145562102142281e-04 -2.003937865770027678e-04 -1.457764398157719316e-04 -9.515245854512277047e-05 -4.698913232514863466e-05 1.744397719942508540e-11
-1.838030927171114669e-03 -1.480933760270936950e-03 -1.189247779701373608e-03 -9.553908748282701272e-04 -7.685970225561248150e-04 -6.201827848807410677e-04 -5.016995154872239604e-04 -4.049863047281335431e-04 -3.251064551340756377e-04 -2.570476473312522888e-04 -1.974145189897377457e-04 -1.436042559892882278e-04 -9.373243129519064543e-05 -4.628725511387869751e-05 1.718334416406757849e-11
-1.814958028796029559e-03 -1.461505568548940445e-03 -1.173143721946347078e-03 -9.421526167939459160e-04 -7.577641601588040428e-04 -6.113299606000481556e-04 -4.944693655106793253e-04 -3.991070870921926148e-04 -3.203608480300831700e-04 -2.532798868813165676e-04 -1.945118768077480382e-04 -1.414880624390144601e-04 -9.234906041968533386e-05 -4.560351132304029526e-05 1.692943845466590987e-11
-1.792367443048092359e-03 -1.442508282923160492e-03 -1.157411882246757971e-03 -9.292293126590517012e-04 -7.471943869099002388e-04 -6.026953328799908131e-04 -4.874193224934326779e-04 -3.933754747485391536e-04 -3.157350650494359832e-04 -2.496076580434034562e-04 -1.916830548377241521e-04 -1.394258042232940397e-04 -9.100099829874030717e-05 -4.493723365936981378e-05 1.668203312329079034e-11
-1.770245478850585637e-03 -1.423928699435107357e-03 -1.142040248002635988e-03 -9.166104290483531548e-04 -7.368786812330604691e-04 -5.942712860885326952e-04 -4.805430204904084660e-04 -3.877862023637954699e-04 -3.112248034231430375e-04 -2.460275137479573781e-04 -1.889253800817693326e-04 -1.374155235203493568e-04 -8.968696112576509760e-05 -4.428778646246555044e-05 1.644087110850785535e-11
-1.748578917567073952e-03 -1.405754117432331165e-03 -1.127017295074222124e-03 -9.042858798490621035e-04 -7.268084162322452964e-04 -5.860505447912837691e-04 -4.738343821542650102e-04 -3.823342458687877476e-04 -3.068259590572354196e-04 -2.425361669774797320e-04 -1.862363041523356928e-04 -1.354553540377695159e-04 -8.840572522626575093e-05 -4.365456387776078779e-05 1.620573115529422180e-11
-1.727354994443272042e-03 -1.387972317029794681e-03 -1.112331964100366421e-03 -8.922460033849841012e-04 -7.169753388393524220e-04 -5.780261553430583342e-04 -4.672876028555688374e-04 -3.770148090224439323e-04 -3.025346153729372052e-04 -2.391304817201191394e-04 -1.836133961973916045e-04 -1.335435157994885346e-04 -8.715612362590298900e-05 -4.303698815334755826e-05 1.597640586843550740e-11
-1.706561380821493583e-03 -1.370571537702358015e-03 -1.097973638130617276e-03 -8.804815409368661706e-04 -7.073715502420151874e-04 -5.701914686408177243e-04 -4.608971358238866316e-04 -3.718233108513126477e-04 -2.983470328811439558e-04 -2.358074645226292251e-04 -1.810543362967393624e-04 -1.316783102810686694e-04 -8.593704284830521335e-05 -4.243450805101090271e-05 1.575268721350435115e-11
-1.686186167096649993e-03 -1.353540457946924604e-03 -1.083932121489819414e-03 -8.689836165194578113e-04 -6.979894875025380004e-04 -5.625401239546154973e-04 -4.546576782350923501e-04 -3.667553738995004125e-04 -2.942596394358968129e-04 -2.325642565972325211e-04 -1.785569092934495528e-04 -1.298581158666689095e-04 -8.474741992514831759e-05 -4.184659736270439904e-05 1.553437275145993112e-11
-1.666217846383564365e-03 -1.336868175956224805e-03 -1.070197619799469722e-03 -8.577437178323705884e-04 -6.888219062857079897e-04 -5.550660337599658527e-04 -4.485641581760162677e-04 -3.618068132293782591e-04 -2.902690211163959670e-04 -2.293981264409108165e-04 -1.761189990276604397e-04 -1.280813836033800406e-04 -8.358623960234819801e-05 -4.127275352445447656e-05 1.532129081826760578e-11
-1.646645298866348736e-03 -1.320544191249536925e-03 -1.056760721085157201e-03 -8.467536783077968688e-04 -6.798618646195633657e-04 -5.477633695009318524e-04 -4.426117224235163886e-04 -3.569736261182472679e-04 -2.863719136912609969e-04 -2.263064629291038348e-04 -1.737385829427984935e-04 -1.263466332305572635e-04 -8.245253172772825691e-05 -4.071249632039111623e-05 1.511325786111610073e-11
-1.627457776801463554e-03 -1.304558387208686705e-03 -1.043612377904025532e-03 -8.360056601837668284e-04 -6.711027076189855691e-04 -5.406265482189117786e-04 -4.367957249797693275e-04 -3.522519824006761476e-04 -2.825651946224373907e-04 -2.232867688488214715e-04 -1.714137270365253098e-04 -1.246524494638823709e-04 -8.134536880648055501e-05 -4.016536667017765885e-05 1.491009642918821901e-11
-1.608644890147013827e-03 -1.288901014470561967e-03 -1.030743890430664078e-03 -8.254921385367272732e-04 -6.625380531072930365e-04 -5.336502199871850319e-04 -4.311117163104420322e-04 -3.476382154102091956e-04 -2.788458755697314139e-04 -2.203366548392139538e-04 -1.691425811313606448e-04 -1.229974785153869436e-04 -8.026386371226066209e-05 -3.963092549371311147e-05 1.471165214750815945e-11
-1.590196592791812483e-03 -1.273562675130143415e-03 -1.018146890443856825e-03 -8.152058862119716982e-04 -6.541617780757727572e-04 -5.268292560958279551e-04 -4.255554332365217855e-04 -3.431288134780195904e-04 -2.752110953601879313e-04 -2.174538337103473881e-04 -1.669233744416641991e-04 -1.213804248322211394e-04 -7.920716754249771372e-05 -3.910875264741628675e-05 1.451776283067676176e-11
-1.572103169358651928e-03 -1.258534307710632537e-03 -1.005813326160367744e-03 -8.051399595947685180e-04 -6.459680059256798883e-04 -5.201587379359542615e-04 -4.201227894344559976e-04 -3.387204119492654266e-04 -2.716581133892615016e-04 -2.146361151129537112e-04 -1.647544114157648205e-04 -1.198000480385436408e-04 -7.817446760745697424e-05 -3.859844592697999889e-05 1.432828157581690842e-11
-1.554355222557205407e-03 -1.243807172859698979e-03 -9.937354478654462659e-04 -7.952876851690372740e-04 -6.379510944412453968e-04 -5.136339465360347661e-04 -4.148098665027677911e-04 -3.344097856811002333e-04 -2.681843034234078515e-04 -2.118814005344013811e-04 -1.626340678336935658e-04 -1.182551600658697234e-04 -7.716498554356281060e-05 -3.809962013176516860e-05 1.414307892025429533e-11
-1.536943661062858350e-03 -1.229372839733191679e-03 -9.819057942930390411e-04 -7.856426468142311062e-04 -6.301056244459866170e-04 -5.072503527066005765e-04 -4.096129055565205651e-04 -3.301938419891395447e-04 -2.647871477762175300e-04 -2.091876785980639189e-04 -1.605607871424442911e-04 -1.167446224586958124e-04 -7.617797554215266010e-05 -3.761190618655257045e-05 1.396198430585805383e-11
-1.519859687898683902e-03 -1.215223173029838372e-03 -9.703171797116906788e-04 -7.761986737943869005e-04 -6.224263890981450139e-04 -5.010036077530253965e-04 -4.045282993140201567e-04 -3.260696140116435700e-04 -2.614642318321990433e-04 -2.065530206449497246e-04 -1.585330770122821934e-04 -1.152673438430553934e-04 -7.521272268556384178e-05 -3.713495031653945070e-05 1.378487472133027976e-11
-1.503094789298713369e-03 -1.201350320642423104e-03 -9.589626816749400717e-04 -7.669498293965627735e-04 -6.149083837841738762e-04 -4.948895347188989177e-04 -3.995525846426954881e-04 -3.220342544630671136e-04 -2.582132388944662505e-04 -2.039755765781340441e-04 -1.565495060986491762e-04 -1.138222775467657847e-04 -7.426854138308414295e-05 -3.666841327190807761e-05 1.361164679536221261e-11
-1.486640724031489287e-03 -1.187746701892987249e-03 -9.478356293976544994e-04 -7.578904001787567729e-04 -6.075467965721708958e-04 -4.889041201253855164e-04 -3.946824355337053870e-04 -3.180850297508423211e-04 -2.550319453343843044e-04 -2.014535709521497460e-04 -1.546087009957997722e-04 -1.124084193608043003e-04 -7.334477389989469700e-05 -3.621196959854908312e-05 1.344217404488842183e-11
-1.470489513163718070e-03 -1.174404996321326859e-03 -9.369295927221582207e-04 -7.490148857901512925e-04 -6.003369991898921008e-04 -4.830435061744286010e-04 -3.899146564770397151e-04 -3.142193144312079803e-04 -2.519182160228833475e-04 -1.989852992906631008e-04 -1.527093433689211913e-04 -1.110248054323552641e-04 -7.244078897263627804e-05 -3.576530695179636505e-05 1.327632979153103178e-11
-1.454633430244700642e-03 -1.161318132997769641e-03 -9.262383716403684540e-04 -7.403179893289723625e-04 -5.932745384943716779e-04 -4.773039833859856460e-04 -3.852461762109219974e-04 -3.104345859815989673e-04 -2.488700000246209243e-04 -1.965691246172520182e-04 -1.508501672528989024e-04 -1.096705102806013957e-04 -7.155598050578970801e-05 -3.532812545025478961e-05 1.311400452682736097e-11
-1.439064991892996222e-03 -1.148479280332850242e-03 -9.157559863401742257e-04 -7.317946082056634794e-04 -5.863551284025437984e-04 -4.716819836416233933e-04 -3.806740418212932898e-04 -3.067284198689017262e-04 -2.458853265376639277e-04 -1.942034741849961433e-04 -1.490299565064847340e-04 -1.083446449269294789e-04 -7.068976634341130982e-05 -3.490013706696011884e-05 1.295509500994952101e-11
-1.423776948767551797e-03 -1.135881836358058374e-03 -9.054766677462947836e-04 -7.234398254811383972e-04 -5.795746422544024567e-04 -4.661740736087825071e-04 -3.761954131688494064e-04 -3.030984848943542873e-04 -2.429623010626386006e-04 -1.918868363919079068e-04 -1.472475424117069480e-04 -1.070463551321240708e-04 -6.984158711119510738e-05 -3.448106505556109417e-05 1.279949639744380560e-11
-1.408762276906269217e-03 -1.123519419453173924e-03 -8.953948485277507616e-04 -7.152489016518909877e-04 -5.729291055820915886e-04 -4.607769485218219936e-04 -3.718075576227820823e-04 -2.995425387972443145e-04 -2.400991017863663020e-04 -1.896177578700001523e-04 -1.455018014088503347e-04 -1.057748197333813200e-04 -6.901090512428527369e-05 -3.407064340900996680e-05 1.264711475807086236e-11
-1.394014169415698544e-03 -1.111385859497085373e-03 -8.855051545457536628e-04 -7.072172668556316695e-04 -5.664146892602350434e-04 -4.554874262976046635e-04 -3.675078450818452039e-04 -2.960584241008909923e-04 -2.372939761662429107e-04 -1.873948407367228772e-04 -1.437916529583400862e-04 -1.045292490747436604e-04 -6.819720335652894728e-05 -3.366861634871500279e-05 1.249783824831498603e-11
-1.379526028496241234e-03 -1.099475189420255020e-03 -8.758023967173928382e-04 -6.993405134728054081e-04 -5.600277030144227685e-04 -4.503024419649095749e-04 -3.632937432646590682e-04 -2.926440641855032653e-04 -2.345452377025330701e-04 -1.852167399983983430e-04 -1.421160575212322631e-04 -1.033088835247936312e-04 -6.739998446711852596e-05 -3.327473784228898300e-05 1.235159501220797853e-11
-1.365291457787903753e-03 -1.087781637138204730e-03 -8.662815632720225530e-04 -6.916143891008766365e-04 -5.537645892662912449e-04 -4.452190423885241761e-04 -3.591628132525716234e-04 -2.892974595736796679e-04 -2.318512628865857775e-04 -1.830821610959369305e-04 -1.404740146508014296e-04 -1.021129920761812567e-04 -6.661876988106355479e-05 -3.288877114788751747e-05 1.220829210786599192e-11
-1.351304255022263076e-03 -1.076299617846453865e-03 -8.569378123786729022e-04 -6.840347898798622862e-04 -5.476219172951995225e-04 -4.402343812699324147e-04 -3.551127052693582521e-04 -2.860166844152744483e-04 -2.292104883140346438e-04 -1.809898575838779868e-04 -1.388645611881501667e-04 -1.009408710215810258e-04 -6.585309891995241036e-05 -3.251048838350880396e-05 1.206784309523660671e-11
-1.337558404966923253e-03 -1.065023726658446317e-03 -8.477664651240316438e-04 -6.765977541488626349e-04 -5.415963776976406158e-04 -4.353457144079512131e-04 -3.511411546833571786e-04 -2.827998831592362541e-04 -2.266214079525899331e-04 -1.789386289343254503e-04 -1.372867695552741868e-04 -9.979184270140623568e-05 -6.510252797988080463e-05 -3.213967011972471681e-05 1.193014963915803891e-11
-1.324048072649369572e-03 -1.053948731568941140e-03 -8.387629988218238105e-04 -6.692994564146201178e-04 -5.356847771269220883e-04 -4.305503952036737986e-04 -3.472459782184049199e-04 -2.796452674010026229e-04 -2.240825705549370230e-04 -1.769273184580634223e-04 -1.357397461395368839e-04 -9.866525431872126561e-05 -6.436662975356258437e-05 -3.177610499427845092e-05 1.179515580787508335e-11
-1.310767596847545353e-03 -1.043069566726318636e-03 -8.299230406354878020e-04 -6.621362016144275364e-04 -5.298840332966251116e-04 -4.258458703951363360e-04 -3.434250703609969353e-04 -2.765511128946383963e-04 -2.215925772077270922e-04 -1.749548113356161284e-04 -1.342226297638776872e-04 -9.756047681720288948e-05 -6.364499249392123839e-05 -3.141958934729898172e-05 1.166278406659768881e-11
-1.297711483835183727e-03 -1.032381325998075290e-03 -8.212423614971665333e-04 -6.551044196566417881e-04 -5.241911702325789246e-04 -4.212296760081031348e-04 -3.396763999518696560e-04 -2.735157567198056856e-04 -2.191500790084382339e-04 -1.730200327514991787e-04 -1.327345902374540932e-04 -9.647690381827150245e-05 -6.293721931653797734e-05 -3.106992687571123642e-05 1.153295379343866951e-11
-1.284874401370258946e-03 -1.021879256814666815e-03 -8.127168703069469549e-04 -6.482006602231839927e-04 -5.186033137589258178e-04 -4.166994335102431951e-04 -3.359980069510003263e-04 -2.705375945942836420e-04 -2.167537748623595277e-04 -1.711219461253909405e-04 -1.312748269818749512e-04 -9.541395061373451501e-05 -6.224292753862957983e-05 -3.072692830585622005e-05 1.140561138504004836e-11
-1.272251172915509019e-03 -1.011558754277536772e-03 -8.043426083972445755e-04 -6.414215878193741055e-04 -5.131176872048073823e-04 -4.122528461567316464e-04 -3.323879993657628470e-04 -2.676150783231780400e-04 -2.144024093923997936e-04 -1.692595514343606848e-04 -1.298425677283250937e-04 -9.437105321061258737e-05 -6.156174805229011713e-05 -3.039041108299145777e-05 1.128067080079804177e-11
-1.259836772080377568e-03 -1.001415355517964751e-03 -7.961157442480836432e-04 -6.347639770572459763e-04 -5.077316073190766285e-04 -4.078876955162599348e-04 -3.288445503325929304e-04 -2.647467133768719003e-04 -2.120947709550527742e-04 -1.674318836206848717e-04 -1.284370672814729721e-04 -9.334766742495785650e-05 -6.089332472993535270e-05 -3.006019907685161563e-05 1.115806683063342765e-11
-1.247626317274184082e-03 -9.914447342939916759e-04 -7.880325684397698977e-04 -6.282247081593646254e-04 -5.024424803811391354e-04 -4.036018381668467605e-04 -3.253658953432420238e-04 -2.619310565900198574e-04 -2.098296897562022139e-04 -1.656380110801615436e-04 -1.270576063460191027e-04 -9.234326802178128939e-05 -6.023731386009213766e-05 -2.973612230221206698e-05 1.103774965291192102e-11
-1.235615066560683418e-03 -9.816426958133685297e-04 -7.800894888302804852e-04 -6.218007626709423944e-04 -4.972477984968434392e-04 -3.993932025517865441e-04 -3.219503296071108572e-04 -2.591667139745081148e-04 -2.076060360608343223e-04 -1.638770342261459414e-04 -1.257034904122450599e-04 -9.135734789828570015e-05 -5.959338361159697287e-05 -2.941801665346770319e-05 1.091964629089201657e-11
-1.223798412704591321e-03 -9.720051717709691542e-04 -7.722830259453221900e-04 -6.154892193687014693e-04 -4.921451360688951226e-04 -3.952597859865044153e-04 -3.185962055418241042e-04 -2.564523386397194599e-04 -2.054227184912076098e-04 -1.621480841248765323e-04 -1.243740486970838126e-04 -9.038941730791307015e-05 -5.896121352459826452e-05 -2.910572365266368133e-05 1.080369576990541004e-11
-1.212171878401004012e-03 -9.625282155897620096e-04 -7.646098085696896888e-04 -6.092872503556533322e-04 -4.871321464320439373e-04 -3.911996518076552194e-04 -3.153019303846505967e-04 -2.537866288139264243e-04 -2.032786824082252926e-04 -1.604503211978011007e-04 -1.230686331373544694e-04 -8.943900312268037291e-05 -5.834049402680428829e-05 -2.879909020988401320e-05 1.068985058706864194e-11
-1.200731111678947794e-03 -9.532079978549091309e-04 -7.570665695291236555e-04 -6.031921173315449866e-04 -4.822065586437492045e-04 -3.872109266564835082e-04 -3.120659639178226643e-04 -2.511683259607891405e-04 -2.011729083713062656e-04 -1.587829339871905650e-04 -1.217866174322807476e-04 -8.850564813174574932e-05 -5.773092597337918183e-05 -2.849796839542794260e-05 1.057805333631388606e-11
-1.189471881470596489e-03 -9.440408019310026627e-04 -7.496501416524583520e-04 -5.972011680292764772e-04 -4.773661744215616223e-04 -3.832917978886737106e-04 -3.088868163011888315e-04 -2.485962129857151271e-04 -1.991044106720152979e-04 -1.571451379811549312e-04 -1.205273961322471962e-04 -8.758891037390048020e-05 -5.713222020929237786e-05 -2.820221522310466681e-05 1.046825171802908254e-11
-1.178390073338007188e-03 -9.350230197529399477e-04 -7.423574539043575893e-04 -5.913118328081631066e-04 -4.726088652190811265e-04 -3.794405111036483762e-04 -3.057630460061081228e-04 -2.460691125267271584e-04 -1.970722359374579792e-04 -1.555361744947770088e-04 -1.192903837711963044e-04 -8.668836250212859623e-05 -5.654409715263595854e-05 -2.791169244393016134e-05 1.036039549537608864e-11
-1.167481685349430363e-03 -9.261511477813163216e-04 -7.351855276794065338e-04 -5.855216213953345818e-04 -4.679325694326461147e-04 -3.756553677864079037e-04 -3.026932578447853826e-04 -2.435858853250985980e-04 -1.950754617991858715e-04 -1.539553096040775630e-04 -1.180750140401823437e-04 -8.580359117841895389e-05 -5.596628639779824418e-05 -2.762626634967211799e-05 1.025441254473902102e-11
-1.156742824097526648e-03 -9.174217831136306615e-04 -7.281314732487528200e-04 -5.798281197671135501e-04 -4.633352897314118712e-04 -3.719347230557071391e-04 -2.996761010896678004e-04 -2.411454286711447873e-04 -1.931131956239403246e-04 -1.524018331297119543e-04 -1.168807389996588767e-04 -8.493419649694593579e-05 -5.539852633731109070e-05 -2.734580758561083174e-05 1.015028022155115886e-11
-1.146169700852021651e-03 -9.088316197428806305e-04 -7.211924863509501299e-04 -5.742289871624917021e-04 -4.588150905039433194e-04 -3.682769835123842275e-04 -2.967102676776627469e-04 -2.387466749208490746e-04 -1.911845733027886290e-04 -1.508750576676809820e-04 -1.157070283282204341e-04 -8.407979143408324653e-05 -5.484056380136439698e-05 -2.707019097209561339e-05 1.004796133298851644e-11
-1.135758627839460059e-03 -9.003774449554537238e-04 -7.143658449189603261e-04 -5.687219532213559116e-04 -4.543700954146307879e-04 -3.646806051821887976e-04 -2.937944904944000870e-04 -2.363885900793398563e-04 -1.892887580950834746e-04 -1.493743176641951567e-04 -1.145533686058452952e-04 -8.324000132368578574e-05 -5.429215371382525927e-05 -2.679929533422251346e-05 9.947389088046448886e-12
-1.125506014642927571e-03 -8.920561358605670578e-04 -7.076489059356465532e-04 -5.633048152403561651e-04 -4.499984850637065510e-04 -3.611440915477471224e-04 -2.909275417339388103e-04 -2.340701724473091589e-04 -1.874249395243009686e-04 -1.478989685322118280e-04 -1.134192626294921075e-04 -8.241446335618313505e-05 -5.375305876391436698e-05 -2.653300333938914414e-05 9.848525238993615877e-12
-1.115408364714702691e-03 -8.838646560436515254e-04 -7.010391024104329792e-04 -5.579754355396295863e-04 -4.456984947449357890e-04 -3.576659916644591656e-04 -2.881082313295106959e-04 -2.317904513267371610e-04 -1.855923323226165225e-04 -1.464483858073375793e-04 -1.123042287592919191e-04 -8.160282610011559642e-05 -5.322304909267913572e-05 -2.627120134207250701e-05 9.751330542212691619e-12
-1.105462271994904445e-03 -8.758000523363572909e-04 -6.945339404699617811e-04 -5.527317389339746548e-04 -4.414684122952091316e-04 -3.542448983554658416e-04 -2.853354054512683216e-04 -2.295484857825120812e-04 -1.837901754214767158e-04 -1.450219643406223903e-04 -1.112078002935302650e-04 -8.080474904478502707e-05 -5.270190199329373166e-05 -2.601377923546854308e-05 9.655757039859993899e-12
-1.095664417629240751e-03 -8.678594516959970253e-04 -6.881309965559511636e-04 -5.475717103022050263e-04 -4.373065760306467289e-04 -3.508794464810205708e-04 -2.826079450670089034e-04 -2.273433634566714655e-04 -1.820177309854274913e-04 -1.436191175262370012e-04 -1.101295248706743370e-04 -8.001990216281158568e-05 -5.218940162442237677e-05 -2.576063030965590340e-05 9.561763186355452708e-12
-1.086011566779011752e-03 -8.600400581874239128e-04 -6.818279147235680251e-04 -5.424933922487041238e-04 -4.332113727639953131e-04 -3.475683112778202278e-04 -2.799247645621505951e-04 -2.251741994320650151e-04 -1.802742834866334349e-04 -1.422392765619219144e-04 -1.090689638970048360e-04 -7.924796549141356584e-05 -5.168533873590403578e-05 -2.551165111584063685e-05 9.469326827764997192e-12
-1.076500565516480415e-03 -8.523391500604525885e-04 -6.756224040338409606e-04 -5.374948828513876047e-04 -4.291812358982783379e-04 -3.443102067640068644e-04 -2.772848104153540025e-04 -2.230401351425876646e-04 -1.785591388176977704e-04 -1.408818897402255692e-04 -1.080256919981134166e-04 -7.848862873130917409e-05 -5.118951040599347183e-05 -2.526674133632960241e-05 9.378413358754069524e-12
-1.067128337798687980e-03 -8.447540769159428767e-04 -6.695122360338343331e-04 -5.325743334904913667e-04 -4.252146435918509673e-04 -3.411038842057035453e-04 -2.746870599263703653e-04 -2.209403373269623518e-04 -1.768716234403634019e-04 -1.395464217686661842e-04 -1.069992964930063583e-04 -7.774159086213646677e-05 -5.070171978949540326e-05 -2.502580365990666745e-05 9.288964795361700611e-12
-1.057891882512665849e-03 -8.372822569537800418e-04 -6.634952423182617588e-04 -5.277299467526105556e-04 -4.213101169901049847e-04 -3.379481306411406707e-04 -2.721305199927735968e-04 -2.188739970234667603e-04 -1.752110835679095775e-04 -1.382323531170972901e-04 -1.059893768892984748e-04 -7.700655977344053279e-05 -5.022177587605037067e-05 -2.478874366224285676e-05 9.200960332696848341e-12
-1.048788270584867380e-03 -8.299211742958931054e-04 -6.575693121664380903e-04 -5.229599744046793718e-04 -4.174662185193168083e-04 -3.348417674584840261e-04 -2.696142259323040043e-04 -2.168403286028432772e-04 -1.735768843790757698e-04 -1.369391793904026092e-04 -1.049955443982528299e-04 -7.628325191016425207e-05 -4.974949325805229686e-05 -2.455546969104221194e-05 9.114353690931967052e-12
-1.039814642147397989e-03 -8.226683763774417235e-04 -6.517323902483897289e-04 -5.182627154325512202e-04 -4.136815502380353639e-04 -3.317836490235592252e-04 -2.671372403477544760e-04 -2.148385688368788780e-04 -1.719684092613796864e-04 -1.356664107249712576e-04 -1.040174214682238911e-04 -7.557139193175603704e-05 -4.928469190739559962e-05 -2.432589275565720988e-05 9.029114105517604100e-12
-1.030968203753389757e-03 -8.155214713991891474e-04 -6.459824743939863567e-04 -5.136365141388744187e-04 -4.099547522416207451e-04 -3.287726613538490884e-04 -2.646986520313181039e-04 -2.128679760001148948e-04 -1.703850590817614856e-04 -1.344135712072162944e-04 -1.030546413354468190e-04 -7.487071238394762843e-05 -4.882719696068745006e-05 -2.409992642078492508e-05 8.945220902465752140e-12
-1.022246225633437373e-03 -8.084781258338390696e-04 -6.403176134188774899e-04 -5.090797582950002060e-04 -4.062845011155063785e-04 -3.258077208350010703e-04 -2.622975749053598491e-04 -2.109278290022106774e-04 -1.688262514827203490e-04 -1.331801983127139022e-04 -1.021068475907639065e-04 -7.418095338235019620e-05 -4.837683851211989225e-05 -2.387748670407161211e-05 8.862637771107552000e-12
-1.013646038984660543e-03 -8.015360619789504461e-04 -6.347359050008206894e-04 -5.045908773415957137e-04 -4.026695084327172906e-04 -3.228877729762806396e-04 -2.599331469966445723e-04 -2.090174265485226666e-04 -1.672914202017134258e-04 -1.319658423641632600e-04 -1.011736937611720067e-04 -7.350186230685047651e-05 -4.793345141351990974e-05 -2.365849197720315720e-05 8.781331762420660447e-12
-1.005165033283384867e-03 -7.946930555486679494e-04 -6.292354935999722176e-04 -5.001683406325287476e-04 -3.991085192912485801e-04 -3.200117912012842678e-04 -2.576045294410023059e-04 -2.071360863265070493e-04 -1.657800144121074955e-04 -1.307700660068486650e-04 -1.002548429049563832e-04 -7.283319350619130747e-05 -4.749687508106981561e-05 -2.344286287032625659e-05 8.701280636367123868e-12
-9.968006536117471339e-04 -7.879469332961570264e-04 -6.238145684162937302e-04 -4.958106557164496282e-04 -3.956003108867271897e-04 -3.171787756702018884e-04 -2.553109055154680214e-04 -2.052831442154754511e-04 -1.642914980835804867e-04 -1.295924436998549490e-04 -9.934996721935448138e-05 -7.217470801160782816e-05 -4.706695330801384790e-05 -2.323052217949389545e-05 8.622443874105912651e-12
-9.885503979878322925e-04 -7.812955706580475019e-04 -6.184713613770018853e-04 -4.915163666503128683e-04 -3.921436911156551183e-04 -3.143877521298496774e-04 -2.530514796948231566e-04 -2.034579535172853526e-04 -1.628253493600234549e-04 -1.284325612216661650e-04 -9.845874765934629750e-05 -7.152617325882005737e-05 -4.664353408287314238e-05 -2.302139477674007475e-05 8.544810270681739938e-12
-9.804118146879568958e-04 -7.747368894116566729e-04 -6.132041451465888729e-04 -4.872840523387727933e-04 -3.887374972044074220e-04 -3.116377707876350238e-04 -2.508254767293724343e-04 -2.016598842053968362e-04 -1.613810599530000759e-04 -1.272900151884442076e-04 -9.758087356650699783e-05 -7.088736281741994801e-05 -4.622646941254899330e-05 -2.281540752270983657e-05 8.468338782079424406e-12
-9.723824995486316696e-04 -7.682688553349438336e-04 -6.080112311513535817e-04 -4.831123248930990289e-04 -3.853805943589559322e-04 -3.089279052052983240e-04 -2.486321407407617512e-04 -1.998883221897232866e-04 -1.599581345486643944e-04 -1.261644125834153018e-04 -9.671604230663871562e-05 -7.025805612685156987e-05 -4.581561514979587592e-05 -2.261248918136770839e-05 8.393003325012351752e-12
-9.644600932344059730e-04 -7.618894758582934936e-04 -6.028909676098457866e-04 -4.789998280027829547e-04 -3.820718744298022161e-04 -3.062572512082410497e-04 -2.464707343324423370e-04 -1.981426685946030227e-04 -1.585560902259107452e-04 -1.250553702956376328e-04 -9.586395891491834940e-05 -6.963803823790607308e-05 -4.541083082437633825e-05 -2.241257033658083114e-05 8.318777399675508047e-12
-9.566422784562396810e-04 -7.555967976960625051e-04 -5.978417375598218085e-04 -4.749452353124426545e-04 -3.788102545864626292e-04 -3.036249258058451865e-04 -2.443405377110694182e-04 -1.964223390469867182e-04 -1.571744558836390764e-04 -1.239625146664620665e-04 -9.502433574723271323e-05 -6.902709955896156753e-05 -4.501197947729511508e-05 -2.221558331025387544e-05 8.245648393008393999e-12
-9.489267771231922957e-04 -7.493889044446208972e-04 -5.928619568713675968e-04 -4.709472487960664200e-04 -3.755946759952278214e-04 -3.010300661179368458e-04 -2.422408478151402071e-04 -1.947267629718489406e-04 -1.558127716746390021e-04 -1.228854810417414202e-04 -9.419689213619490610e-05 -6.842503560574335266e-05 -4.461892749751515013e-05 -2.202146208167568916e-05 8.173580517672376008e-12
-9.413113474079943133e-04 -7.432639141319321262e-04 -5.879500722347643467e-04 -4.670045971197541715e-04 -3.724241024933746787e-04 -2.984718283020589089e-04 -2.401709774465992991e-04 -1.930553828914992960e-04 -1.544705884435772344e-04 -1.218239133278748798e-04 -9.338135405045704888e-05 -6.783164675366532069e-05 -4.423154446036213440e-05 -2.183014220779791172e-05 8.102544955715083300e-12
-9.337937807044611842e-04 -7.372199767019249617e-04 -5.831045591103070766e-04 -4.631160339831837960e-04 -3.692975192523254751e-04 -2.959493864757069552e-04 -2.381302544008954492e-04 -1.914076537252687883e-04 -1.531474671662228231e-04 -1.207774635494238071e-04 -9.257745375558072167e-05 -6.724673799146320050e-05 -4.384970296690012372e-05 -2.164156074387325881e-05 8.032542444811147133e-12
-9.263718984515569108e-04 -7.312552714146410785e-04 -5.783239196257231735e-04 -4.592803364288352641e-04 -3.662139314213149659e-04 -2.934619316271085349e-04 -2.361180205904361807e-04 -1.897830420856047042e-04 -1.518429783869298098e-04 -1.197457914059880111e-04 -9.178492947472612258e-05 -6.667011867493731936e-05 -4.347327848343986943e-05 -2.145565616437047533e-05 7.963534347997472258e-12
-9.190435487952202352e-04 -7.253680041404698660e-04 -5.736066804048212944e-04 -4.554963031066553932e-04 -3.631723627422645418e-04 -2.910086705072617358e-04 -2.341336311558518690e-04 -1.881810255662523415e-04 -1.505567016509124878e-04 -1.187285638256831420e-04 -9.100352504713610832e-05 -6.610160227931781809e-05 -4.310214918023007395e-05 -2.127236828332903002e-05 7.895486943631472417e-12
-9.118066030545787445e-04 -7.195564045235257810e-04 -5.689513903087372020e-04 -4.517627524800889565e-04 -3.601718541251088066e-04 -2.885888244951387706e-04 -2.321764535587903325e-04 -1.866010920176137413e-04 -1.492882249275425451e-04 -1.177254545123712772e-04 -9.023298958225473541e-05 -6.554100614866992648e-05 -4.273619576836845419e-05 -2.109163817399508593e-05 7.828391226851320510e-12
-9.046589519538496488e-04 -7.138187229854384055e-04 -5.643566180683044515e-04 -4.480785209573360552e-04 -3.572114621714157410e-04 -2.862016284266469084e-04 -2.302458666489522437e-04 -1.850427388036747674e-04 -1.480371440203176231e-04 -1.167361434831407351e-04 -8.947307710696869349e-05 -6.498815124051507473e-05 -4.237530133367716759e-05 -2.091340808698293881e-05 7.762222974477976856e-12
-8.975985015748145536e-04 -7.081532275361054028e-04 -5.598209497827280959e-04 -4.444424609293087976e-04 -3.542902576323254103e-04 -2.838463293768482575e-04 -2.283412596973501466e-04 -1.835054720342424082e-04 -1.468030619585829416e-04 -1.157603165924518288e-04 -8.872354620306545381e-05 -6.444286186380081749e-05 -4.201935116639499992e-05 -2.073762136633809753e-05 7.696964967199639967e-12
-8.906231689769998194e-04 -7.025582003523712406e-04 -5.553429862556139712e-04 -4.408534386926266069e-04 -3.514073237845740001e-04 -2.815221853829401517e-04 -2.264620313861308374e-04 -1.819888057651210278e-04 -1.455855883654430863e-04 -1.147976650385079656e-04 -8.798415963175044844e-05 -6.390496540765090597e-05 -4.166823258501700270e-05 -2.056422236277987678e-05 7.632588179269564677e-12
-8.837308774233695267e-04 -6.970319340788119940e-04 -5.509213401344784230e-04 -4.373103322324892401e-04 -3.485617547055672454e-04 -2.792284640937042935e-04 -2.246075887440980286e-04 -1.804922611577873504e-04 -1.443843387951602259e-04 -1.138478848468646258e-04 -8.725468394143095770e-05 -6.337429205842272752e-05 -4.132183475262241881e-05 -2.039315634334509941e-05 7.569076162741293291e-12
-8.769195511379557868e-04 -6.915727277964829091e-04 -5.465546328138294260e-04 -4.338120288357350147e-04 -3.457526534254433707e-04 -2.769644413286495013e-04 -2.227773460150152089e-04 -1.790153655886679877e-04 -1.431989340325649763e-04 -1.129106763253301328e-04 -8.653488905430423812e-05 -6.285067450175778792e-05 -4.098004848368371953e-05 -2.022436939631202260e-05 7.506415119078126198e-12
-8.701871095080228975e-04 -6.861788825955544369e-04 -5.422414910545549300e-04 -4.303574224989859106e-04 -3.429791299297933619e-04 -2.747293995269672602e-04 -2.209707234434492643e-04 -1.775576516962598986e-04 -1.420289993453181842e-04 -1.119857434834282983e-04 -8.582454782670484081e-05 -6.233394760608321563e-05 -4.064276603892064577e-05 -2.005780833037753189e-05 7.444590223046944195e-12
-8.635314606264580476e-04 -6.808486966752833915e-04 -5.379805432633110417e-04 -4.269454110901926207e-04 -3.402402989818563168e-04 -2.725226260627382495e-04 -2.191871459602885881e-04 -1.761186563524453589e-04 -1.408741636784667831e-04 -1.110727934080734628e-04 -8.512343557695399967e-05 -6.182394808311610481e-05 -4.030988090551582587e-05 -1.989342056652827607e-05 7.383564665234829105e-12
-8.569504940492551600e-04 -6.755804598796900538e-04 -5.337704153645899795e-04 -4.235748932136833766e-04 -3.375352777270149694e-04 -2.703434113983162754e-04 -2.174260417464335686e-04 -1.746979195413268966e-04 -1.397340587785776819e-04 -1.101715355859592761e-04 -8.443132957363413591e-05 -6.132051412021607441e-05 -3.998128755919337152e-05 -1.973115402123102574e-05 7.323321299798658951e-12
-8.504420726173193574e-04 -6.703724475586184464e-04 -5.296097261844276991e-04 -4.202447647187620115e-04 -3.348631830347844002e-04 -2.681910470421323229e-04 -2.156868406488508859e-04 -1.732949831260522993e-04 -1.386083182322441030e-04 -1.092816811608396464e-04 -8.374800847540898527e-05 -6.082348497838999091e-05 -3.965688120423166240e-05 -1.957095697872547515e-05 7.263849925845632586e-12
-8.440040231599648096e-04 -6.652229136205883983e-04 -5.254970822476709002e-04 -4.169539147793237060e-04 -3.322231285243013163e-04 -2.660648232702254217e-04 -2.139689724180465931e-04 -1.719093894795936336e-04 -1.374965764006198332e-04 -1.084029421117875731e-04 -8.307325171200729869e-05 -6.033270054843892477e-05 -3.933655748669434484e-05 -1.941277795022157253e-05 7.205136453095134261e-12
-8.376341258578129650e-04 -6.601300826149302881e-04 -5.214310718696069883e-04 -4.137012214563685311e-04 -3.296142212076037131e-04 -2.639640265619005695e-04 -2.122718647291249356e-04 -1.705406799507005653e-04 -1.363984672276993240e-04 -1.075350303354049978e-04 -8.240683879361366496e-05 -5.984800085623517444e-05 -3.902021217484466536e-05 -1.925656551707359250e-05 7.147148666940050195e-12
-8.313301019930104162e-04 -6.550921406443891695e-04 -5.174102583961368929e-04 -4.104855466356907979e-04 -3.270355576703696697e-04 -2.618879366891077695e-04 -2.105949409404299117e-04 -1.691883931296258247e-04 -1.353136228951647797e-04 -1.066776566111988524e-04 -8.174854853311289745e-05 -5.936922550593089128e-05 -3.870774079981126515e-05 -1.910226815445756332e-05 7.089869396519729275e-12
-8.250895997520181100e-04 -6.501072248636169046e-04 -5.134331724131392010e-04 -4.073057302081478041e-04 -3.244862196915366875e-04 -2.598358233852509670e-04 -2.089376175330339542e-04 -1.678520628702708569e-04 -1.342416722904510155e-04 -1.058305294245607858e-04 -8.109815816217210880e-05 -5.889621304762282408e-05 -3.839903824757651585e-05 -1.894983403128008555e-05 7.033283280254452360e-12
-8.189101776666750506e-04 -6.451734112608686466e-04 -5.094983027031641225e-04 -4.041605833287208638e-04 -3.219652691796498272e-04 -2.578069425014860544e-04 -2.072993011611901516e-04 -1.665312160150533741e-04 -1.331822392467027711e-04 -1.049933536159170140e-04 -8.045544231751300781e-05 -5.842880025268925952e-05 -3.809399829159569253e-05 -1.879921078104278403e-05 6.977374977359205368e-12
-8.127892851777432500e-04 -6.402887003461590291e-04 -5.056040856732404130e-04 -4.010488805503166759e-04 -3.194717422740783481e-04 -2.558005315360658508e-04 -2.056793852265624621e-04 -1.652253697557939536e-04 -1.321349405033046365e-04 -1.041658288167864049e-04 -7.982017186807096806e-05 -5.796682127568335882e-05 -3.779251305256057294e-05 -1.865034523691218773e-05 6.922106460961556600e-12
-8.067242396747557193e-04 -6.354510002738733565e-04 -5.017488929078216774e-04 -3.979693505767759130e-04 -3.170046424207929566e-04 -2.538158043936114073e-04 -2.040772458671011650e-04 -1.639340285469965464e-04 -1.310993833226574694e-04 -1.033476476235403648e-04 -7.919211254640539234e-05 -5.751010667687956603e-05 -3.749447236842953172e-05 -1.850318312297635933e-05 6.867480565957494253e-12
-8.007121991972163122e-04 -6.306581068045073821e-04 -4.979310164104752603e-04 -3.949206653127629914e-04 -3.145629321827630564e-04 -2.518519451935531304e-04 -2.024922372230083796e-04 -1.626566804661216373e-04 -1.300751626821922114e-04 -1.025384934471047099e-04 -7.857102333792672841e-05 -5.705848227235124696e-05 -3.719976305350478220e-05 -1.835766869119374316e-05 6.813477025711018346e-12
-7.947501297622194079e-04 -6.259076793494710829e-04 -4.941486509800360706e-04 -3.919014268011761616e-04 -3.121455234801006847e-04 -2.499081008982456165e-04 -2.009236858050115896e-04 -1.613927928868769796e-04 -1.290618579384916016e-04 -1.017380379597703443e-04 -7.795665456924895235e-05 -5.661176776954227567e-05 -3.690826801962744012e-05 -1.821374429073182644e-05 6.760052299494127935e-12
-7.888347659944048174e-04 -6.211972121315170866e-04 -4.903998730119567577e-04 -3.889101515241371113e-04 -3.097512658698166506e-04 -2.479833724670606264e-04 -1.993708837410921707e-04 -1.601418072942436448e-04 -1.280590288318274978e-04 -1.009459380385098812e-04 -7.734874562031664733e-05 -5.616977513487884694e-05 -3.661986522486440718e-05 -1.807134985288688848e-05 6.707184058137024171e-12
-7.829625633509569235e-04 -6.165239992131805189e-04 -4.866826148100233669e-04 -3.859452513917310595e-04 -3.073789323619184350e-04 -2.460768041575375092e-04 -1.978330806132627163e-04 -1.589031330200110553e-04 -1.270662106608679335e-04 -1.001618320747645367e-04 -7.674702216321141327e-05 -5.573230662410696534e-05 -3.633442640520885265e-05 -1.793042226978123086e-05 6.654868700654280834e-12
-7.771296397218010240e-04 -6.118850917706988423e-04 -4.829946332184651748e-04 -3.830050105393585126e-04 -3.050272021169996017e-04 -2.441873704804259988e-04 -1.963094735086185253e-04 -1.576761396110177736e-04 -1.260829084063948009e-04 -9.938533548180974292e-05 -7.615119280122547500e-05 -5.529915238520476963e-05 -3.605181553127318660e-05 -1.779089463836966680e-05 6.603080633912651914e-12
-7.713317034929735019e-04 -6.072772454845016838e-04 -4.793334710128777619e-04 -3.800875567796481924e-04 -3.026946391658266559e-04 -2.423139601613948590e-04 -1.947991947916004416e-04 -1.564601474523640424e-04 -1.251085895131856583e-04 -9.861603517745767301e-05 -7.556094494226878893e-05 -5.487008751567199757e-05 -3.577188691383253083e-05 -1.765269533245427308e-05 6.551778626699647134e-12
-7.655639642168299980e-04 -6.026968552261618116e-04 -4.756964089808000257e-04 -3.771908261796899403e-04 -3.003796660114510454e-04 -2.404553562513105840e-04 -1.933012969437233246e-04 -1.552544161444830372e-04 -1.241426749448159574e-04 -9.785348274783737784e-05 -7.497593968646735726e-05 -5.444486841713538504e-05 -3.549448285731825946e-05 -1.751574685337740515e-05 6.500945294456599642e-12
-7.598210207298911533e-04 -5.981398732677738759e-04 -4.720804059222483357e-04 -3.743125187159494966e-04 -2.980805305881880155e-04 -2.386102112356859465e-04 -1.918147335950862382e-04 -1.540581299631355169e-04 -1.231845279949752203e-04 -9.709718589778294827e-05 -7.439580543311516327e-05 -5.402322823732048294e-05 -3.521943072580904674e-05 -1.737996439299216192e-05 6.450545277680987597e-12
-7.540967197404726229e-04 -5.936017059074864604e-04 -4.684820228215093763e-04 -3.714500422349182565e-04 -2.957952645115261361e-04 -2.367770155869077409e-04 -1.903383355614741079e-04 -1.528703794930615870e-04 -1.222334401559835402e-04 -9.634659765348293917e-05 -7.382012980747980953e-05 -5.360487111433294058e-05 -3.494653923844461452e-05 -1.724525401925429204e-05 6.400542278113522981e-12
-7.483839753367647289e-04 -5.890770815203641604e-04 -4.648973260562446982e-04 -3.686004409220453091e-04 -2.935216297879990246e-04 -2.349540576260377583e-04 -1.888707802612609561e-04 -1.516901381891233992e-04 -1.212886130855005747e-04 -9.560110258464464485e-05 -7.324844935958541741e-05 -5.318946483284692526e-05 -3.467559374266261613e-05 -1.711151036118763663e-05 6.350902430254268332e-12
-7.426745361797763845e-04 -5.845598803405187022e-04 -4.613217625220110787e-04 -3.657603030092603370e-04 -2.912570500555884245e-04 -2.331393717325299492e-04 -1.874105522544871455e-04 -1.505162321340994930e-04 -1.203491353395398232e-04 -9.485999902861042877e-05 -7.268023627412510429e-05 -5.277663134973517101e-05 -3.440635011631945644e-05 -1.697861362245349045e-05 6.301564115184875203e-12
-7.369586817818817243e-04 -5.800429123448263289e-04 -4.577499966542119842e-04 -3.629256403058768953e-04 -2.889985208235274264e-04 -2.313306707318778851e-04 -1.859558917247156246e-04 -1.493473005555154309e-04 -1.194139519956679830e-04 -9.412247588256355733e-05 -7.211488101936100242e-05 -5.236593442466284720e-05 -3.413852680652097038e-05 -1.684642568225574885e-05 6.252491738846588990e-12
-7.312248213398205281e-04 -5.755176237841332868e-04 -4.541756950412017516e-04 -3.600917289587309347e-04 -2.867424908063349594e-04 -2.295252565000223486e-04 -1.845047263575828531e-04 -1.481817436148449353e-04 -1.184818244829111762e-04 -9.338758191311382435e-05 -7.155166940142501739e-05 -5.195686326222655638e-05 -3.387179430135457670e-05 -1.671478493901754813e-05 6.203627330036129583e-12
-7.254589566523551034e-04 -5.709737041340130423e-04 -4.505912378575365872e-04 -3.572528960525011470e-04 -2.844847028644394973e-04 -2.277199001185833537e-04 -1.830545800055178836e-04 -1.470176523987785195e-04 -1.175512767147810124e-04 -9.265418459949191293e-05 -7.098975179238310165e-05 -5.154881057443945318e-05 -3.360576101029721962e-05 -1.658349939519511589e-05 6.154902093148245243e-12
-7.196439523330800791e-04 -5.663985517607814536e-04 -4.469873264087017520e-04 -3.544022292853791210e-04 -2.822199775496013821e-04 -2.259106787504692245e-04 -1.816024483485629746e-04 -1.458527136011772256e-04 -1.166205217420581179e-04 -9.192091408933898515e-05 -7.042810122557642083e-05 -5.114104270565986051e-05 -3.333995403534841635e-05 -1.645233723954174374e-05 6.106221663078176586e-12
-7.137585278144779888e-04 -5.617765354518912098e-04 -4.433524404699793310e-04 -3.515311753608174800e-04 -2.799419135797055064e-04 -2.240927498514310107e-04 -1.801446267549207240e-04 -1.446840775403962899e-04 -1.156873601800968129e-04 -9.118608558085941986e-05 -6.986545535644239505e-05 -5.073265825281992220e-05 -3.307379253641396454e-05 -1.632101380211507872e-05 6.057479749631150563e-12
-7.077758395666947089e-04 -5.570879549849217091e-04 -4.396720739960441565e-04 -3.486289740697568981e-04 -2.776424655930730839e-04 -2.222600327664406869e-04 -1.786764674697581155e-04 -1.435081719538355653e-04 -1.147490368853820188e-04 -9.044758978832226229e-05 -6.930023455076562749e-05 -5.032252966197756376e-05 -3.280655013784145453e-05 -1.618917314144112271e-05 6.008553898185360524e-12
-7.016614460862654907e-04 -5.523075478743662454e-04 -4.359276363150257514e-04 -3.456818441755056212e-04 -2.753113364057487239e-04 -2.204047502607774946e-04 -1.771920298805175823e-04 -1.423204337285852530e-04 -1.138020344283065114e-04 -8.970273508236681868e-05 -6.873042382226642695e-05 -4.990921904310175784e-05 -3.253730073675389011e-05 -1.605636150136878726e-05 5.959273907576190590e-12
-6.953703196107165327e-04 -5.474022942740790643e-04 -4.320948353925699531e-04 -3.426717846465488653e-04 -2.729350815613066196e-04 -2.185167526705984070e-04 -1.756835647549215035e-04 -1.411149131561509730e-04 -1.128417683580174827e-04 -8.894801452396708776e-05 -6.815339857623603113e-05 -4.949085390387195701e-05 -3.226483850559474592e-05 -1.592198812678171792e-05 5.909405855274743345e-12
-6.888423433506772652e-04 -5.423281050092922930e-04 -4.281412357337650203e-04 -3.395747621976954057e-04 -2.704957544152913505e-04 -2.165824946303591264e-04 -1.741407329689433623e-04 -1.398836742306359374e-04 -1.118621252814797101e-04 -8.817875265538789283e-05 -6.756566037001186873e-05 -4.906493869263430684e-05 -3.198755656177815437e-05 -1.578526583094748704e-05 5.858673712814132580e-12
-6.819953241079461208e-04 -5.370246735432749599e-04 -4.240224570630867331e-04 -3.363578867194434415e-04 -2.679687925510283253e-04 -2.145834375835976816e-04 -1.725493850727942121e-04 -1.386158573961323909e-04 -1.108547406821068948e-04 -8.738855313152927868e-05 -6.696242359644485399e-05 -4.862805997597559782e-05 -3.170325713978247361e-05 -1.564511800475554070e-05 5.806673655589606369e-12
-6.747137760226853097e-04 -5.314071947768144854e-04 -4.196760483953076840e-04 -3.329748525485474249e-04 -2.653196023124463091e-04 -2.124934657327228003e-04 -1.708895856153779371e-04 -1.372961613617339736e-04 -1.098078285714025707e-04 -8.656840325400625238e-05 -6.633694526786602604e-05 -4.817540827895944709e-05 -3.140884367898987841e-05 -1.550002776923671614e-05 5.752834641039316500e-12
-6.668301945247488314e-04 -5.253525010316715356e-04 -4.150112080792364732e-04 -3.293582734233728372e-04 -2.624978067500322206e-04 -2.102745285467240335e-04 -1.691322781771049466e-04 -1.359022783356038063e-04 -1.087042031561340813e-04 -8.570515960827290790e-05 -6.567939120312243310e-05 -4.769996898092254380e-05 -3.109979971435649200e-05 -1.534778265798157642e-05 5.696359738615463177e-12
-6.580923182379276419e-04 -5.186747344404679704e-04 -4.098906882674544709e-04 -3.254061544807723390e-04 -2.594270718866643812e-04 -2.078689202478404099e-04 -1.672333685380128542e-04 -1.344003388097936573e-04 -1.075177623491367879e-04 -8.477885465368954201e-05 -6.497481855146099270e-05 -4.719108215354602656e-05 -3.076926112857753155e-05 -1.518502001002395477e-05 5.635998602740559851e-12
-6.481026845954404592e-04 -5.110802008068686571e-04 -4.040970671797736971e-04 -3.209565862095002209e-04 -2.559860183941769542e-04 -2.051847596176655279e-04 -1.651225758953036085e-04 -1.327363157494906788e-04 -1.062068447053234760e-04 -8.375760430811417408e-05 -6.419935900442599972e-05 -4.663171676172104906e-05 -3.040625967563314537e-05 -1.500636612766953345e-05 5.569757399174048447e-12
-6.361995164476970518e-04 -5.020777451196819629e-04 -3.972653697901916848e-04 -3.157369244696617392e-04 -2.519697227971402277e-04 -2.020666034547401570e-04 -1.626808086804873551e-04 -1.308185441148267017e-04 -1.047006984964556867e-04 -8.258722300583837847e-05 -6.331242831522133647e-05 -4.599290345461115435e-05 -2.999213398562637948e-05 -1.480267688742067497e-05 5.494249517679420952e-12
-6.212029374676765730e-04 -4.907856405268904093e-04 -3.887364891715685265e-04 -3.092523513427300149e-04 -2.470047412668853254e-04 -1.982302420448465725e-04 -1.596897585383381750e-04 -1.284786489534616458e-04 -1.028691642581049549e-04 -8.116791262361870230e-05 -6.223921535448077413e-05 -4.522120878259884791e-05 -2.949244932205183660e-05 -1.455707516624939768e-05 5.403212669117051382e-12
-6.008221975639133506e-04 -4.754721637042324655e-04 -3.772029423112963596e-04 -3.005130122588671264e-04 -2.403387913128741829e-04 -1.930999195250871923e-04 -1.557052142648445152e-04 -1.253728234154175610e-04 -1.004457664402696673e-04 -7.929495002193285647e-05 -6.082602836737591590e-05 -4.420674281123658240e-05 -2.883633745065423517e-05 -1.423481276911777369e-05 5.283799389041388682e-12
-5.701281350903007489e-04 -4.523315384158195680e-04 -3.597376887993490482e-04 -2.872679159883161884e-04 -2.302385320468427945e-04 -1.853348249066215240e-04 -1.496839683745233743e-04 -1.206882466452204223e-04 -9.679731978509756036e-05 -7.648002252686626333e-05 -5.870523559027137294e-05 -4.268611044191570822e-05 -2.785370012506794575e-05 -1.375242052893626508e-05 5.105066413272470900e-12
-5.174184957153131568e-04 -4.119255726151251811e-04 -3.287930300026078415e-04 -2.635135809860355898e-04 -2.119464959372500002e-04 -1.711669181103991151e-04 -1.386385184035203162e-04 -1.120617548895426501e-04 -9.006161132559685120e-05 -7.127437050931964514e-05 -5.477897971626379388e-05 -3.986901644294819317e-05 -2.603254163338849413e-05 -1.285819253871530219e-05 4.773716454324702140e-12
-4.171853643393185190e-04 -3.314618120676112519e-04 -2.643252669585690077e-04 -2.118870999936296815e-04 -1.706259182490108591e-04 -1.380651108188636210e-04 -1.120934393222271691e-04 -9.083821775122350589e-05 -7.318288304564618584e-05 -5.804283036730225936e-05 -4.469140660441915701e-05 -3.257412574626844970e-05 -2.129138853762979378e-05 -1.052295816754496433e-05 3.907554882566881669e-12
