2.061089976245570554e+00 2.089285922131054907e+00 2.116123432561731743e+00 2.141284015650652517e+00 2.164532646216194678e+00 2.185704630586013497e+00 2.204667828353684911e+00 2.221359917117522453e+00 2.235764787612538385e+00 2.247892076157453456e+00 2.257781752307077117e+00 2.265449185971746715e+00 2.270916295802353435e+00 2.274194753241935540e+00 2.275286538572986128e+00
1.731793721296107424e+00 1.731811985843264567e+00 1.731139876926492072e+00 1.730064224573825360e+00 1.728796984722607233e+00 1.728040892722652710e+00 1.726789977757411609e+00 1.725660050436114146e+00 1.724682574792739675e+00 1.723866583661487484e+00 1.723208420807666785e+00 1.722700570859433622e+00 1.722336669620224692e+00 1.722115953111001740e+00 1.722041346368349712e+00
1.518608005416756113e+00 1.511351233816582651e+00 1.504258944020378408e+00 1.497598246339845174e+00 1.491523659932876500e+00 1.486626678300893456e+00 1.481896911846737330e+00 1.477850967850405706e+00 1.474457796869540704e+00 1.471675180685557693e+00 1.469456235258928878e+00 1.467764286308465005e+00 1.466570091908394158e+00 1.465857262937939831e+00 1.465619824494887036e+00
1.389480078247739447e+00 1.380826334459253513e+00 1.372710474729530672e+00 1.365317762789858280e+00 1.358729664745880639e+00 1.353391177928069400e+00 1.348414990852440987e+00 1.344198763135026065e+00 1.340686895131344647e+00 1.337821246878136972e+00 1.335544692191538152e+00 1.333814340252325703e+00 1.332596537410916993e+00 1.331871348642776010e+00 1.331630209196474235e+00
1.306182880641039823e+00 1.297698917159292087e+00 1.289891215208651687e+00 1.282882303813628111e+00 1.276707104115748503e+00 1.271705828998012544e+00 1.267113564334592990e+00 1.263242573169411243e+00 1.260030560710610370e+00 1.257417117443514032e+00 1.255345525081349889e+00 1.253773834388610009e+00 1.252669407763875586e+00 1.252012531544587581e+00 1.251794284153714409e+00
1.248971781277344872e+00 1.241076298404392597e+00 1.233894909624834613e+00 1.227507416460305478e+00 1.221920712177053003e+00 1.217402257034095436e+00 1.213289729983813681e+00 1.209835109041378809e+00 1.206976125394455757e+00 1.204654622225625804e+00 1.202817343384244619e+00 1.201425211435090068e+00 1.200447992038337519e+00 1.199867238608508968e+00 1.199674380786461159e+00
1.207668566820083056e+00 1.200441247618024843e+00 1.193922019163579984e+00 1.188161657759596146e+00 1.183150017815680410e+00 1.179102718466985555e+00 1.175440953134557542e+00 1.172372941976154159e+00 1.169838986105971035e+00 1.167784605803412257e+00 1.166160718686529485e+00 1.164931489166264766e+00 1.164069305253557118e+00 1.163557217245377196e+00 1.163387223074994647e+00
1.176670151327049663e+00 1.170084202680391039e+00 1.164181027617962050e+00 1.158991373555721127e+00 1.154494639928836497e+00 1.150868373388167720e+00 1.147601875860777998e+00 1.144870633818370287e+00 1.142618422768026720e+00 1.140794746689462791e+00 1.139354640115448403e+00 1.138265387535400741e+00 1.137501862674543229e+00 1.137048579304463791e+00 1.136898146993509329e+00
1.152682297629340047e+00 1.146679441525985776e+00 1.141325985854672931e+00 1.136638639564363729e+00 1.132590419564101225e+00 1.129330150474577854e+00 1.126403229682822804e+00 1.123959995627052288e+00 1.121947913555791265e+00 1.120320353933178525e+00 1.119036159857828450e+00 1.118065464709421919e+00 1.117385390670191159e+00 1.116981797433420631e+00 1.116847884557786497e+00
1.133656324414555883e+00 1.128172776822436552e+00 1.123302626356090128e+00 1.119052623524402934e+00 1.115391994478311499e+00 1.112447390844210737e+00 1.109810945901918755e+00 1.107613231729518199e+00 1.105805319128694064e+00 1.104344171711499456e+00 1.103192067298911283e+00 1.102321687401492722e+00 1.101712151893055491e+00 1.101350528622163649e+00 1.101230562172019534e+00
1.118257437921945874e+00 1.113232971139734184e+00 1.108785948736571436e+00 1.104916000709371682e+00 1.101590246742346180e+00 1.098917878777072588e+00 1.096530406110939104e+00 1.094542557566289487e+00 1.092908798396734049e+00 1.091589366507798475e+00 1.090549604986682297e+00 1.089764456322133146e+00 1.089214803887573746e+00 1.088888789441060823e+00 1.088780651403549404e+00
1.105581733493629315e+00 1.100962480723854719e+00 1.096886084545892981e+00 1.093347063651637585e+00 1.090311540668656765e+00 1.087874720659812722e+00 1.085701631712213233e+00 1.083894087738307199e+00 1.082409690966549043e+00 1.081211636192520142e+00 1.080267992034545044e+00 1.079555702754021018e+00 1.079057206641890421e+00 1.078761596996042238e+00 1.078663555819762365e+00
1.094996998444005776e+00 1.090735875569658786e+00 1.086984993058923266e+00 1.083735201596094599e+00 1.080952362306685899e+00 1.078720304973311173e+00 1.076732857732833892e+00 1.075081151059641416e+00 1.073725658730174892e+00 1.072632235825643710e+00 1.071771373771915670e+00 1.071121790322445921e+00 1.070667296700146043e+00 1.070397829417081059e+00 1.070308467582445910e+00
1.086048790390977903e+00 1.082105036922791141e+00 1.078641110376133749e+00 1.075645242566089399e+00 1.073083520570514260e+00 1.071030398400259598e+00 1.069204658331573299e+00 1.067688478993641388e+00 1.066444950435758932e+00 1.065442319067830823e+00 1.064653233306724234e+00 1.064057985574280885e+00 1.063641602638384365e+00 1.063394769615932267e+00 1.063312920944045503e+00
1.078402715463241179e+00 1.074741158449818990e+00 1.071531248779024281e+00 1.068759369384090441e+00 1.066392153546703359e+00 1.064496234941571640e+00 1.062812181701112912e+00 1.061414586050841269e+00 1.060268917137530131e+00 1.059345572514453382e+00 1.058619125700437591e+00 1.058071271384239287e+00 1.057688116168503223e+00 1.057461011619982072e+00 1.057385710479048946e+00
1.071807683503271491e+00 1.068397967749255884e+00 1.065413879874870684e+00 1.062840523401400006e+00 1.060645284089857032e+00 1.058888202623138763e+00 1.057328997267232173e+00 1.056035766051241831e+00 1.054976140940585339e+00 1.054122457792256995e+00 1.053451013383229551e+00 1.052944755308063751e+00 1.052590752967379251e+00 1.052380953155273247e+00 1.052311394328966809e+00
1.066071792349256642e+00 1.062887669954489800e+00 1.060105190461817504e+00 1.057708601660466430e+00 1.055666169756620087e+00 1.054032323412080308e+00 1.052583718698833826e+00 1.051382844338856648e+00 1.050399299933518327e+00 1.049607171699102448e+00 1.048984303943115481e+00 1.048514767619278754e+00 1.048186493803374697e+00 1.047991962731389171e+00 1.047927469978411796e+00
1.061046073298111070e+00 1.058064781805986287e+00 1.055463034893628693e+00 1.053224541183522156e+00 1.051318521240502735e+00 1.049794584937187247e+00 1.048444454038286011e+00 1.047325733171566853e+00 1.046409814426545903e+00 1.045672368590955248e+00 1.045092634266050036e+00 1.044655693147821918e+00 1.044350250365272847e+00 1.044169265890990239e+00 1.044109267329803137e+00
1.056613275356621529e+00 1.053815007167932860e+00 1.051375918451207259e+00 1.049279415809772020e+00 1.047495710727246676e+00 1.046070242546476958e+00 1.044808202684444964e+00 1.043762912228848538e+00 1.042907399029745941e+00 1.042218772135484084e+00 1.041677530491972536e+00 1.041269668350931266e+00 1.040984588714192416e+00 1.040815684480682402e+00 1.040759693255062457e+00
1.052679963896221427e+00 1.050047419219655831e+00 1.047755272153351624e+00 1.045786805078868786e+00 1.044113231214574666e+00 1.042776354318451837e+00 1.041593465475705305e+00 1.040614104263687834e+00 1.039812794191075085e+00 1.039167953264615862e+00 1.038661223346352802e+00 1.038279425357175878e+00 1.038012593697149821e+00 1.037854513261410760e+00 1.037802112274038180e+00
1.049170850199143246e+00 1.046688862562657585e+00 1.044529932157290064e+00 1.042677350281226101e+00 1.041103325093157395e+00 1.039846470150384228e+00 1.038734992868914242e+00 1.037815074598753995e+00 1.037062609249687517e+00 1.036457209290362114e+00 1.035981556229005784e+00 1.035623222268490018e+00 1.035372814983863243e+00 1.035224475356299578e+00 1.035175305139051760e+00
1.046024653817360983e+00 1.043679876974728638e+00 1.041642127112537120e+00 1.039894803780408772e+00 1.038411091404990660e+00 1.037226787211642964e+00 1.036179986903091876e+00 1.035313873297015519e+00 1.034605598617706512e+00 1.034035868173583506e+00 1.033588312003825394e+00 1.033251187189387910e+00 1.033015623292320440e+00 1.032876085764213414e+00 1.032829834776193056e+00
1.043191037778399499e+00 1.040971683861877217e+00 1.039044516604251678e+00 1.037393117426127720e+00 1.035991620528109447e+00 1.034873323023022929e+00 1.033885310981942363e+00 1.033068076552258185e+00 1.032399929832028773e+00 1.031862578545599929e+00 1.031440520607034506e+00 1.031122639279694608e+00 1.030900540943009647e+00 1.030768987587294738e+00 1.030725384401835143e+00
1.040628307368155259e+00 1.038523927527587265e+00 1.036697974828800772e+00 1.035134266539778469e+00 1.033807855195631120e+00 1.032749807134700104e+00 1.031815410633364793e+00 1.031042732411947105e+00 1.030411150282442678e+00 1.029903293713167800e+00 1.029504456862252448e+00 1.029204097114954752e+00 1.028994257665213574e+00 1.028869972280247458e+00 1.028828779250672953e+00
1.038301660697288131e+00 1.036302960864784906e+00 1.034569910883716082e+00 1.033086602792312902e+00 1.031828973114416570e+00 1.030826088315090150e+00 1.029940743853402063e+00 1.029208810941649066e+00 1.028610654018544679e+00 1.028129752131660801e+00 1.027752131863897356e+00 1.027467778392535003e+00 1.027269136175010145e+00 1.027151488730127848e+00 1.027112496820617116e+00
1.036181843571196470e+00 1.034280529254366643e+00 1.032632980945044965e+00 1.031223592811533640e+00 1.030029149556060730e+00 1.029076916917949003e+00 1.028236582007585831e+00 1.027542020952556312e+00 1.026974511741113538e+00 1.026518318272660490e+00 1.026160142517949403e+00 1.025890456082742652e+00 1.025702072986953706e+00 1.025590506846040029e+00 1.025553531386505179e+00
1.034244104389935970e+00 1.032432749481590584e+00 1.030864090361568897e+00 1.029522841794306087e+00 1.028386600398831341e+00 1.027481003917128932e+00 1.026682083782798571e+00 1.026021896663221522e+00 1.025482568098291303e+00 1.025049088629119476e+00 1.024708784485131474e+00 1.024452576655742408e+00 1.024273620363943982e+00 1.024167641727159017e+00 1.024132518905733980e+00
1.032467374314644193e+00 1.030739309813307969e+00 1.029243612792579254e+00 1.027965330236767283e+00 1.026882834673783274e+00 1.026020286449683683e+00 1.025259572802728281e+00 1.024631085581122036e+00 1.024117738144112222e+00 1.023705195189866579e+00 1.023381361239701581e+00 1.023137573390130894e+00 1.022967302618581487e+00 1.022866471746498140e+00 1.022833055694603033e+00
1.030833618400994744e+00 1.029182837682527829e+00 1.027754773624920626e+00 1.026534811797323421e+00 1.025502065364598980e+00 1.024679349230696479e+00 1.023953968866357922e+00 1.023354788080443445e+00 1.022865453874146624e+00 1.022472257660892003e+00 1.022163640812510099e+00 1.021931326554982533e+00 1.021769078715812018e+00 1.021673002594688295e+00 1.021641162951109072e+00
1.029327317791018714e+00 1.027748395680529558e+00 1.026383159000938683e+00 1.025217334239507894e+00 1.024230740983633314e+00 1.023444964841824456e+00 1.022752336273256457e+00 1.022180312538996327e+00 1.021713225038775708e+00 1.021337948912713900e+00 1.021043424921135978e+00 1.020821735339262348e+00 1.020666916171786731e+00 1.020575242350996392e+00 1.020544862215504667e+00
1.027935053306447299e+00 1.026423076694583214e+00 1.025116321800374042e+00 1.024000855284766809e+00 1.023057170206175259e+00 1.022305725551397870e+00 1.021643522252872360e+00 1.021096719361167970e+00 1.020650287822371549e+00 1.020291647457570949e+00 1.020010204463389414e+00 1.019798375636817855e+00 1.019650450450384715e+00 1.019562861838709811e+00 1.019533836044288044e+00
1.026645168178133671e+00 1.025195676327468997e+00 1.023943463116718133e+00 1.022874932302104023e+00 1.021971218846190688e+00 1.021251746245046332e+00 1.020617865357830389e+00 1.020094533988474383e+00 1.019667321693420670e+00 1.019324157428961986e+00 1.019054881980647531e+00 1.018852224395744299e+00 1.018710710638470296e+00 1.018626921089091697e+00 1.018599154736180346e+00
1.025447493035054114e+00 1.024056426048251867e+00 1.022855173001882223e+00 1.021830469916095163e+00 1.020964063537136424e+00 1.020274423064101654e+00 1.019666958639378729e+00 1.019165513905279097e+00 1.018756219592430456e+00 1.018427481361296794e+00 1.018169546493395972e+00 1.017975436014343149e+00 1.017839896938458555e+00 1.017759647486101926e+00 1.017733054693478856e+00
1.024333120246453177e+00 1.022996774432723077e+00 1.021843218098599015e+00 1.020859513398506335e+00 1.020027990207385438e+00 1.019366236026797656e+00 1.018783456054514591e+00 1.018302458238558916e+00 1.017909900181864336e+00 1.017594634596838077e+00 1.017347289618318218e+00 1.017161159755675781e+00 1.017031198994398977e+00 1.016954254634448995e+00 1.016928757470113576e+00
1.023294217664081796e+00 1.022009206756077315e+00 1.020900366633771705e+00 1.019955078513962388e+00 1.019156228199850078e+00 1.018520586629749092e+00 1.017960913240858023e+00 1.017499051206149252e+00 1.017122153511768934e+00 1.016819492754967635e+00 1.016582054466860896e+00 1.016403389730113460e+00 1.016278646635853100e+00 1.016204793556036323e+00 1.016180321118394403e+00
1.022323874028654211e+00 1.021087095377902099e+00 1.020020243383461978e+00 1.019111010589206057e+00 1.018342812949080134e+00 1.017731663461476588e+00 1.017193655801656327e+00 1.016749732650163995e+00 1.016387513416737498e+00 1.016096665644113717e+00 1.015868510757161003e+00 1.015696840917025279e+00 1.015576986538376580e+00 1.015506029730105508e+00 1.015482517355222658e+00
1.021415969983450633e+00 1.020224575006408063e+00 1.019197208835095125e+00 1.018321867160034033e+00 1.017582471685759993e+00 1.016994330393256485e+00 1.016476669754910134e+00 1.016049590385114110e+00 1.015701151436892768e+00 1.015421392460706951e+00 1.015201951024865767e+00 1.015036846142481686e+00 1.014921579739557433e+00 1.014853340929171788e+00 1.014830729504242246e+00
1.020565069919425527e+00 1.019416438184430396e+00 1.018426258002549378e+00 1.017582819755924683e+00 1.016870527822400172e+00 1.016304033078187397e+00 1.015805509949033070e+00 1.015394270223924034e+00 1.015058788176855575e+00 1.014789454230661470e+00 1.014578203921383093e+00 1.014419270026644115e+00 1.014308316041986124e+00 1.014242631892671165e+00 1.014220867259352232e+00
1.019766330861759718e+00 1.018658047304452641e+00 1.017702935293981703e+00 1.016889571307331153e+00 1.016202820581434851e+00 1.015656720382289047e+00 1.015176223126770472e+00 1.014779900412736247e+00 1.014456618874615357e+00 1.014197100298809495e+00 1.013993561431647761e+00 1.013840436753206120e+00 1.013733542169786617e+00 1.013670262713441517e+00 1.013649295147525331e+00
1.019015425371269989e+00 1.017945260206424507e+00 1.017023262562289254e+00 1.016238286375215072e+00 1.015575637127569708e+00 1.015048778060536394e+00 1.014585282997393811e+00 1.014203027874466034e+00 1.013891250613558004e+00 1.013640986326738380e+00 1.013444717493468872e+00 1.013297069159375230e+00 1.013194001188759907e+00 1.013132988453974592e+00 1.013112772210156942e+00
1.018308476029553322e+00 1.017274366993846435e+00 1.016383678036449911e+00 1.015625531958357586e+00 1.014985655010954169e+00 1.014476972526228371e+00 1.014029535204068910e+00 1.013660564180612678e+00 1.013359649124313977e+00 1.013118121767850432e+00 1.012928716004869667e+00 1.012786237146184432e+00 1.012686781199340746e+00 1.012627908007227573e+00 1.012608400919590590e+00
1.017641999544148135e+00 1.016642036159753681e+00 1.015780984277348642e+00 1.015048227069316855e+00 1.014429893154082718e+00 1.013938402980982145e+00 1.013506150485288915e+00 1.013149739576943764e+00 1.012859093524284937e+00 1.012625825185640149e+00 1.012442906599829939e+00 1.012305313800481388e+00 1.012209271701394853e+00 1.012152420605608505e+00 1.012133583735959963e+00
1.017012858879126291e+00 1.016045268474180308e+00 1.015212303652831993e+00 1.014503599612935902e+00 1.013905669951059352e+00 1.013430460502392272e+00 1.013012584653441239e+00 1.012668063708129784e+00 1.012387137658225411e+00 1.012161686093479229e+00 1.011984906882543722e+00 1.011851937927691791e+00 1.011759126336286396e+00 1.011704188687312822e+00 1.011685986014768668e+00
1.016418222109757963e+00 1.015481357370356497e+00 1.014675040105231796e+00 1.013989149373191845e+00 1.013410567313831390e+00 1.012950792947498790e+00 1.012546544270201077e+00 1.012213291939209947e+00 1.011941576952869237e+00 1.011723532241206591e+00 1.011552570055263445e+00 1.011423981937846106e+00 1.011334230953896185e+00 1.011281106070797575e+00 1.011263504217023268e+00
1.015855526934088093e+00 1.014947854794887139e+00 1.014166846206697725e+00 1.013502616130877110e+00 1.012942399711892039e+00 1.012497274738142661e+00 1.012105957102719112e+00 1.011783396372953447e+00 1.011520419897203205e+00 1.011309401470332991e+00 1.011143957069623900e+00 1.011019524220893917e+00 1.010932676144945752e+00 1.010881270580307634e+00 1.010864238565687634e+00
1.015322449962314133e+00 1.014442541670077080e+00 1.013685594675761914e+00 1.013041952108280075e+00 1.012499187421654012e+00 1.012067980760771757e+00 1.011688946608088058e+00 1.011376540823168080e+00 1.011121863418873001e+00 1.010917517416829003e+00 1.010757312587154289e+00 1.010636825302126507e+00 1.010552733533017999e+00 1.010502960418978358e+00 1.010486469445691204e+00
1.014816880056610415e+00 1.013963402264073999e+00 1.013229353672057353e+00 1.012605298076877158e+00 1.012079133338342540e+00 1.011661163747241687e+00 1.011293809825103640e+00 1.010991059133496517e+00 1.010744271554975704e+00 1.010546268466852027e+00 1.010391044159939078e+00 1.010274307192923438e+00 1.010192835244495768e+00 1.010144613709513139e+00 1.010128636968078197e+00
1.014336895117082582e+00 1.013508601884011373e+00 1.012796365302331525e+00 1.012190962577271369e+00 1.011680602813780361e+00 1.011275234611505036e+00 1.010918998158706117e+00 1.010625436335892635e+00 1.010386156918747114e+00 1.010194189472847892e+00 1.010043704143584353e+00 1.009930535452552958e+00 1.009851556074642387e+00 1.009804810722154000e+00 1.009789323218511337e+00
1.013880741809762176e+00 1.013076467404616432e+00 1.012385026865415538e+00 1.011797403792644268e+00 1.011302106073279417e+00 1.010908745305125533e+00 1.010563100628854682e+00 1.010278292227965835e+00 1.010046164547478531e+00 1.009859945820376081e+00 1.009713973936785081e+00 1.009604203558317703e+00 1.009527597949229971e+00 1.009482258390594467e+00 1.009467236791197209e+00
1.013446817814550149e+00 1.012665470224288988e+00 1.011993874441073027e+00 1.011423213692179912e+00 1.010942282838209971e+00 1.010560373826405289e+00 1.010224829226092469e+00 1.009948367017714288e+00 1.009723057785379519e+00 1.009542319503581753e+00 1.009400650208762018e+00 1.009294119247847066e+00 1.009219776347288544e+00 1.009175776782470280e+00 1.009161199275214083e+00
1.013033656238379931e+00 1.012274211305953076e+00 1.011621568491034573e+00 1.011067104122572502e+00 1.010599888840951976e+00 1.010228911076811675e+00 1.009903006073807452e+00 1.009634508740974157e+00 1.009415705911108407e+00 1.009240196922611466e+00 1.009102632830689794e+00 1.008999192551796931e+00 1.008927008404739700e+00 1.008884287245079614e+00 1.008870133414194292e+00
1.012639911894432476e+00 1.011901408013825110e+00 1.011266881192750766e+00 1.010727894576524344e+00 1.010273783968446137e+00 1.009913249306863214e+00 1.009596552144734538e+00 1.009335662203638240e+00 1.009123073265761006e+00 1.008952558161796631e+00 1.008818914272337830e+00 1.008718425279995667e+00 1.008648302463230229e+00 1.008606801991408952e+00 1.008593052704688908e+00
1.012264349194258672e+00 1.011545882501780680e+00 1.010928685269605110e+00 1.010404501409124967e+00 1.009962921811492276e+00 1.009612371933692021e+00 1.009304477318498705e+00 1.009050859239300157e+00 1.008844209675159087e+00 1.008678467545022883e+00 1.008548570262386201e+00 1.008450901761048346e+00 1.008382748865259249e+00 1.008342414928197650e+00 1.008329052235158452e+00
1.011905831437886816e+00 1.011206551446021340e+00 1.010605944117192845e+00 1.010095928307854551e+00 1.009666340430887654e+00 1.009325344545720649e+00 1.009025871599563473e+00 1.008779210104973290e+00 1.008578241991802127e+00 1.008417065295866388e+00 1.008290751541740304e+00 1.008195780666039543e+00 1.008129511827169589e+00 1.008090293558169481e+00 1.008077300597902903e+00
1.011563311318902425e+00 1.010882416945578344e+00 1.010297703055156315e+00 1.009801257850978962e+00 1.009383154179772202e+00 1.009051306937546411e+00 1.008759897342043299e+00 1.008519895864169458e+00 1.008324366608103873e+00 1.008167560155994957e+00 1.008044676564840758e+00 1.007952287772463151e+00 1.007887822246924525e+00 1.007849671813817460e+00 1.007837032731474292e+00
1.011235822488176561e+00 1.010572558440003599e+00 1.010003081559065041e+00 1.009519644013371131e+00 1.009112546445174230e+00 1.008789466041234872e+00 1.008505782350473057e+00 1.008272161628849695e+00 1.008081842814423368e+00 1.007929222836978500e+00 1.007809625025391398e+00 1.007719709545778164e+00 1.007656971324746520e+00 1.007619843701223372e+00 1.007607543572184960e+00
1.010922472042331988e+00 1.010276125515252810e+00 1.009721266347783031e+00 1.009250305499128419e+00 1.008853763191547070e+00 1.008539089639578723e+00 1.008262813744590369e+00 1.008035310550396302e+00 1.007849986893770033e+00 1.007701380198779750e+00 1.007584932100881625e+00 1.007497387433795355e+00 1.007436304892413315e+00 1.007400157650060191e+00 1.007388182410977162e+00
1.010622433821918964e+00 1.009992331487000072e+00 1.009451505219421952e+00 1.008992519797490051e+00 1.008606107205750613e+00 1.008299500763178091e+00 1.008030332492135139e+00 1.007808698465414210e+00 1.007628166860473629e+00 1.007483410063425344e+00 1.007369983325361096e+00 1.007284712784078939e+00 1.007225218361898156e+00 1.007190011480758818e+00 1.007178347866735102e+00
1.010334942420228144e+00 1.009720447666025755e+00 1.009193101543862214e+00 1.008745617872987665e+00 1.008368932956988928e+00 1.008070072686915175e+00 1.007807728527116531e+00 1.007591729115371981e+00 1.007415797763126175e+00 1.007274736585208608e+00 1.007164210012638117e+00 1.007081122307157406e+00 1.007023152216587780e+00 1.006988847912335450e+00 1.006977483399621454e+00
1.010059287817185902e+00 1.009459798223359517e+00 1.008945409332448362e+00 1.008508979413006879e+00 1.008141641997097882e+00 1.007850224453034071e+00 1.007594436382371894e+00 1.007383849870269188e+00 1.007212337483096354e+00 1.007074826109631394e+00 1.006967085162827402e+00 1.006886094019010081e+00 1.006829587978923968e+00 1.006796150544949864e+00 1.006785073298582134e+00
1.009794810564266676e+00 1.009209755583948986e+00 1.008707828816167495e+00 1.008282028566308997e+00 1.007923678836684100e+00 1.007639416857891490e+00 1.007389931274900619e+00 1.007184547895987992e+00 1.007017282969248750e+00 1.006883183462504272e+00 1.006778119794287552e+00 1.006699143605344293e+00 1.006644044597310383e+00 1.006611440260233081e+00 1.006600639086124849e+00
1.009540897456154163e+00 1.008969736287058661e+00 1.008479802472742604e+00 1.008064230114904314e+00 1.007714527241200031e+00 1.007437148847831976e+00 1.007193725590654898e+00 1.006993346713042969e+00 1.006830166857433095e+00 1.006699348618458556e+00 1.006596859650744857e+00 1.006519821157860983e+00 1.006466075202775645e+00 1.006434271990044538e+00 1.006423736291087723e+00
1.009296977633239001e+00 1.008739197259669096e+00 1.008260811450865546e+00 1.007855086029212588e+00 1.007513706898373496e+00 1.007242954276809987e+00 1.007005365722486001e+00 1.006809803101328615e+00 1.006650554430078559e+00 1.006522893704802080e+00 1.006422882240010974e+00 1.006347708239283323e+00 1.006295264192412553e+00 1.006264231810826804e+00 1.006253951546613790e+00
1.009062519066221242e+00 1.008517632456051194e+00 1.008050372346451118e+00 1.007654132362897581e+00 1.007320770414685374e+00 1.007056398984500278e+00 1.006824429220932737e+00 1.006633504311331029e+00 1.006478040877014646e+00 1.006353420302368740e+00 1.006255794166351247e+00 1.006182415239515571e+00 1.006131224602182295e+00 1.006100934326280560e+00 1.006090899976099573e+00
1.008837025380234786e+00 1.008304569822616736e+00 1.007848034291525030e+00 1.007460936449313449e+00 1.007135300603966943e+00 1.006877078158890937e+00 1.006650522222669819e+00 1.006464065547323372e+00 1.006312248823600930e+00 1.006190557009902786e+00 1.006095228723416612e+00 1.006023578990114853e+00 1.005973595736459725e+00 1.005944020305846287e+00 1.005934222834638847e+00
1.008620032981206283e+00 1.008099568552247582e+00 1.007653376321274274e+00 1.007275094366250956e+00 1.006956908035819609e+00 1.006704613951872052e+00 1.006483277125860054e+00 1.006301127692387443e+00 1.006152826096513797e+00 1.006033957242729260e+00 1.005940843718805766e+00 1.005870860608390815e+00 1.005822041025801195e+00 1.005793154550575608e+00 1.005783585377582945e+00
1.008411108451742644e+00 1.007902216596708200e+00 1.007466004989037156e+00 1.007096228639788205e+00 1.006785228815545885e+00 1.006538653320229182e+00 1.006322350485457928e+00 1.006144355248845157e+00 1.005999443701211415e+00 1.005883297240089291e+00 1.005792319504915211e+00 1.005723943545999477e+00 1.005676246087952030e+00 1.005648023961498216e+00 1.005638674931347287e+00
1.008209846187791525e+00 1.007712128409546271e+00 1.007285552202673351e+00 1.006923986161601059e+00 1.006619922570725967e+00 1.006378866067801692e+00 1.006167421104792625e+00 1.005993434470905168e+00 1.005851793988267850e+00 1.005738274258647369e+00 1.005649357193835414e+00 1.005582531819976699e+00 1.005535916970169419e+00 1.005508335788637408e+00 1.005499199144646028e+00
1.008015866250744796e+00 1.007528942895184576e+00 1.007111673258941797e+00 1.006758036297152659e+00 1.006460670622560505e+00 1.006224943067490329e+00 1.006018188302611360e+00 1.005848071669116939e+00 1.005709588988519254e+00 1.005598604932383733e+00 1.005511677036726281e+00 1.005446348406808799e+00 1.005400778553574348e+00 1.005373816041456037e+00 1.005364884400959946e+00
1.007828812412633779e+00 1.007352321542771989e+00 1.006944045055261139e+00 1.006598069164861942e+00 1.006307174322686571e+00 1.006076594644312650e+00 1.005874370337230372e+00 1.005707991668649326e+00 1.005572558899336277e+00 1.005464023781442950e+00 1.005379016950428861e+00 1.005315133782448633e+00 1.005270573102541976e+00 1.005244208043805987e+00 1.005235474375326676e+00
1.007648350374660273e+00 1.007181946725845378e+00 1.006782364460635959e+00 1.006443794068659026e+00 1.006159153538425111e+00 1.005933549102906666e+00 1.005735702971580325e+00 1.005572936405513707e+00 1.005440450706415190e+00 1.005334281854537659e+00 1.005251131176095436e+00 1.005188644593182801e+00 1.005145058944129977e+00 1.005119271118428692e+00 1.005110728720526092e+00
1.007474166141561378e+00 1.007017520151029855e+00 1.006626346829620822e+00 1.006294938068365674e+00 1.006016345271382173e+00 1.005795551384795372e+00 1.005601938164813136e+00 1.005442663646681778e+00 1.005313026927277642e+00 1.005209145491299028e+00 1.005127789056372123e+00 1.005066652444002839e+00 1.005024009264274376e+00 1.004998779387792140e+00 1.004990421869453643e+00
1.007305964536282739e+00 1.006858761440903027e+00 1.006475724645018888e+00 1.006151244674102108e+00 1.005878502396035268e+00 1.005662361842390107e+00 1.005472842877757067e+00 1.005316945821650432e+00 1.005190064464243305e+00 1.005088395192506479e+00 1.005008773919207288e+00 1.004948942792656119e+00 1.004907211009005152e+00 1.004882520679549751e+00 1.004874341941988325e+00
1.007143467841167928e+00 1.006705406837802075e+00 1.006330246276614160e+00 1.006012472652461298e+00 1.005745392506435243e+00 1.005533755118174888e+00 1.005348197980940217e+00 1.005195568954401653e+00 1.005071353556013403e+00 1.004971824587488571e+00 1.004893882057700250e+00 1.004835313938879926e+00 1.004794463880244182e+00 1.004770295526231205e+00 1.004762289745972259e+00
1.006986414553380005e+00 1.006557208016816141e+00 1.006189674844634840e+00 1.005878394933555908e+00 1.005616796860469897e+00 1.005409519118795059e+00 1.005227797255150879e+00 1.005078331685933080e+00 1.004956696818211981e+00 1.004859239489178435e+00 1.004782921796574469e+00 1.004725576099487538e+00 1.004685579416914498e+00 1.004661916249922182e+00 1.004654077863075701e+00
1.006834558243611788e+00 1.006413930997480000e+00 1.006053787177875414e+00 1.005748797609219203e+00 1.005492509412281521e+00 1.005289454074890010e+00 1.005111446475600356e+00 1.004965044378606898e+00 1.004845908364280671e+00 1.004750457028344979e+00 1.004675712636901030e+00 1.004619550561003383e+00 1.004580380153109020e+00 1.004557206123709134e+00 1.004549529811327835e+00
1.006687666508309098e+00 1.006275355144810257e+00 1.005922372857492642e+00 1.005623479013697308e+00 1.005372335924449301e+00 1.005173371678503180e+00 1.004998962571715060e+00 1.004855528294513523e+00 1.004738812999062869e+00 1.004645304859440813e+00 1.004572084471592630e+00 1.004517068902432309e+00 1.004478698845944873e+00 1.004455998602552524e+00 1.004448479276989659e+00
1.006545520006665528e+00 1.006141272251321439e+00 1.005795233338437233e+00 1.005502248879084126e+00 1.005256093152439245e+00 1.005061094290771395e+00 1.004890172855441355e+00 1.004749614840876326e+00 1.004635245478221472e+00 1.004543620431311624e+00 1.004471876864996949e+00 1.004417972281548277e+00 1.004380377766538990e+00 1.004358136617035324e+00 1.004350769409223965e+00
1.006407911574562997e+00 1.006011485692525520e+00 1.005672181141332278e+00 1.005384927558568231e+00 1.005143608094610341e+00 1.004952454213362101e+00 1.004784914311686483e+00 1.004647144876257725e+00 1.004535049827363524e+00 1.004445250316728266e+00 1.004374938390613980e+00 1.004322110778787414e+00 1.004285268048213497e+00 1.004263471924127460e+00 1.004256252171706221e+00
1.006274645408436808e+00 1.005885809649207818e+00 1.005553039108347368e+00 1.005271345311276709e+00 1.005034717301763525e+00 1.004847293017803844e+00 1.004683032945192345e+00 1.004547968071980213e+00 1.004438078715379490e+00 1.004350049595327254e+00 1.004281126021588477e+00 1.004229342793431234e+00 1.004193229086663974e+00 1.004171864509713297e+00 1.004164787745934984e+00
1.006145536312760491e+00 1.005764068390437860e+00 1.005437639717283727e+00 1.005161341643137529e+00 1.004929266240835339e+00 1.004745460927460199e+00 1.004584383178713125e+00 1.004451942323741909e+00 1.004344192877067332e+00 1.004257881285105736e+00 1.004190304569180014e+00 1.004139534487337837e+00 1.004104127987362594e+00 1.004083182038174815e+00 1.004076243981537608e+00
1.006020409005481620e+00 1.005646095611903101e+00 1.005325824448665140e+00 1.005054764698746883e+00 1.004827108707889050e+00 1.004646816247427132e+00 1.004488827297899567e+00 1.004358933208925553e+00 1.004253260580620921e+00 1.004168615818106458e+00 1.004102346164895243e+00 1.004052559271931822e+00 1.004017839055952432e+00 1.003997299344796534e+00 1.003990495889343526e+00
1.005899097476299797e+00 1.005531733824675422e+00 1.005217443201146699e+00 1.004951470699729565e+00 1.004728106286029599e+00 1.004551224838103440e+00 1.004396234938740751e+00 1.004268813485541978e+00 1.004165157135993525e+00 1.004082130556367858e+00 1.004017129782404760e+00 1.003968297334622450e+00 1.003934243327805342e+00 1.003914097967190333e+00 1.003907425173424794e+00
1.005781444393186508e+00 1.005420833790013235e+00 1.005112353751027365e+00 1.004851323425524301e+00 1.004632127844318656e+00 1.004458559628610415e+00 1.004306482613837259e+00 1.004181462629156973e+00 1.004079764440549916e+00 1.003998309344606987e+00 1.003934540795750952e+00 1.003886635201174604e+00 1.003853228133307018e+00 1.003833465712305140e+00 1.003826919798679773e+00
1.005667300552983701e+00 1.005313253996223954e+00 1.005010421252044539e+00 1.004754193732921186e+00 1.004539049074130164e+00 1.004368700166605066e+00 1.004219453274135310e+00 1.004096766404506846e+00 1.003996970558773683e+00 1.003917042096440060e+00 1.003854470570694213e+00 1.003807465330917692e+00 1.003774686695767304e+00 1.003755296255935514e+00 1.003748873590871948e+00
1.005556524372326122e+00 1.005208860173995244e+00 1.004911517772013374e+00 1.004659959111040557e+00 1.004448752059743821e+00 1.004281532201367400e+00 1.004135035903080952e+00 1.004014616468823062e+00 1.003916669333101863e+00 1.003838224411266689e+00 1.003776816086348944e+00 1.003730685741966777e+00 1.003698517759143760e+00 1.003679488771933137e+00 1.003673185866331696e+00
1.005448981415482779e+00 1.005107524846942324e+00 1.004815521863190231e+00 1.004568503268742585e+00 1.004361124880273071e+00 1.004196947297340659e+00 1.004053125140440539e+00 1.003934910004174341e+00 1.003838760023244792e+00 1.003761757219205020e+00 1.003701479584538703e+00 1.003656199663903292e+00 1.003624625243052737e+00 1.003605947588593228e+00 1.003599761088802556e+00
1.005344543956030900e+00 1.005009126914427453e+00 1.004722318163536965e+00 1.004479715751755764e+00 1.004276061240298334e+00 1.004114842475564151e+00 1.003973620933301225e+00 1.003857549376389935e+00 1.003763146971594633e+00 1.003687546451726087e+00 1.003628368244533275e+00 1.003583915215611411e+00 1.003552917922765353e+00 1.003534581869935050e+00 1.003528508551144727e+00
1.005243090569566400e+00 1.004913551263975968e+00 1.004631797026320328e+00 1.004393491587055820e+00 1.004193460126820980e+00 1.004035119880686722e+00 1.003896428211983327e+00 1.003782441818348525e+00 1.003689739292554339e+00 1.003615502735842435e+00 1.003557393881060911e+00 1.003513745106166422e+00 1.003483309132112478e+00 1.003465305319797496e+00 1.003459342079826566e+00
1.005144505754901108e+00 1.004820688410858809e+00 1.004543854175723006e+00 1.004309730952251067e+00 1.004113225490373074e+00 1.003957686471446786e+00 1.003821456588819716e+00 1.003709499135630567e+00 1.003618450583813493e+00 1.003545541109911676e+00 1.003488472663670361e+00 1.003445606356881292e+00 1.003415716487404463e+00 1.003398035906870822e+00 1.003392179760325131e+00
1.005048679581434845e+00 1.004730434162632635e+00 1.004458390386343547e+00 1.004228338867940051e+00 1.004035265948312272e+00 1.003882453732713120e+00 1.003748620077932197e+00 1.003638637432701097e+00 1.003549198657778030e+00 1.003477580759290166e+00 1.003421524855704128e+00 1.003379420042778802e+00 1.003350061630651879e+00 1.003332695608953884e+00 1.003326943681725592e+00
1.004955507360588030e+00 1.004642689306621817e+00 1.004375311184657615e+00 1.004149224911185190e+00 1.003959494508508410e+00 1.003809337407335134e+00 1.003677836834306447e+00 1.003569776857970108e+00 1.003481905291525367e+00 1.003411544770228092e+00 1.003356474571288848e+00 1.003315111051919617e+00 1.003286269990524060e+00 1.003269210174877024e+00 1.003263559698965635e+00
1.004864889339372125e+00 1.004557359318504428e+00 1.004294526570682633e+00 1.004072302948405770e+00 1.003885828311788853e+00 1.003738257246219456e+00 1.003609028910619871e+00 1.003502841366208820e+00 1.003416495993796120e+00 1.003347359900543134e+00 1.003293249548905308e+00 1.003252607861147894e+00 1.003224270559619047e+00 1.003207508902677070e+00 1.003201957211308892e+00
1.004776730414334018e+00 1.004474354090326038e+00 1.004215950758233999e+00 1.003997490886148869e+00 1.003814188391644491e+00 1.003669136775178439e+00 1.003542122030405492e+00 1.003437758496943388e+00 1.003352899787666175e+00 1.003284956365734448e+00 1.003231780940205597e+00 1.003191842326950356e+00 1.003163995686748633e+00 1.003147524432724591e+00 1.003142068955752864e+00
1.004690939864262722e+00 1.004393587676398525e+00 1.004139501932303835e+00 1.003924710438321100e+00 1.003744499449835459e+00 1.003601903077223190e+00 1.003477045376260479e+00 1.003374459167559074e+00 1.003291049007655644e+00 1.003224267639317269e+00 1.003172003112881683e+00 1.003132749490232456e+00 1.003105380883045461e+00 1.003089192554622366e+00 1.003083830814188060e+00
1.004607431100181580e+00 1.004314978055679486e+00 1.004065102022215106e+00 1.003853886908585791e+00 1.003676689646640918e+00 1.003536486589087229e+00 1.003413731391914698e+00 1.003312877479959564e+00 1.003230879110144524e+00 1.003165230266257701e+00 1.003113853466473859e+00 1.003075267393913617e+00 1.003048364640810819e+00 1.003032452026792587e+00 1.003027181633231679e+00
1.004526121431263741e+00 1.004238446909337279e+00 1.003992676489309677e+00 1.003784948986735204e+00 1.003610690404608263e+00 1.003472820910864316e+00 1.003352115597074601e+00 1.003252950539718524e+00 1.003172328496045873e+00 1.003107783688480970e+00 1.003057272260106325e+00 1.003019336912343462e+00 1.002992888264100824e+00 1.002977244407757818e+00 1.002972063055738161e+00
1.004446931845420554e+00 1.004163919412304429e+00 1.003922154128031874e+00 1.003717828557943559e+00 1.003546436224741045e+00 1.003410842627734612e+00 1.003292136414042357e+00 1.003194618286747275e+00 1.003115338344785945e+00 1.003051870081515418e+00 1.003002202451222180e+00 1.002964901591609781e+00 1.002938895710137279e+00 1.002923513898204666e+00 1.002918419363079350e+00
1.004369786803408493e+00 1.004091324037726940e+00 1.003853466879357503e+00 1.003652460523892564e+00 1.003483864514156609e+00 1.003350491142834811e+00 1.003233735005191196e+00 1.003137823336580192e+00 1.003059852458703993e+00 1.002997434201397420e+00 1.002948589544458313e+00 1.002911907499896671e+00 1.002886333440700994e+00 1.002871207192990166e+00 1.002866197327354270e+00
1.004294614045377898e+00 1.004020592373284559e+00 1.003786549655594662e+00 1.003588782634833532e+00 1.003422915424309503e+00 1.003291708520398950e+00 1.003176855120448963e+00 1.003082510831448060e+00 1.003005817117061493e+00 1.002944423241040717e+00 1.002896381449867258e+00 1.002860303087104832e+00 1.002835150282727295e+00 1.002820273342314827e+00 1.002815346072753355e+00
1.004221344408875449e+00 1.003951658948438741e+00 1.003721340175651067e+00 1.003526735331722541e+00 1.003363531698951316e+00 1.003234439338359651e+00 1.003121442953998521e+00 1.003028628300371095e+00 1.002953180938904509e+00 1.002892786695328331e+00 1.002845528349759263e+00 1.002810039053008584e+00 1.002785297297384526e+00 1.002770663621346703e+00 1.002765816945364152e+00
1.004149911657363337e+00 1.003884461071727685e+00 1.003657778809932344e+00 1.003466261597622422e+00 1.003305658531042255e+00 1.003178630549658834e+00 1.003067447009468927e+00 1.002976125527553775e+00 1.002901894754081535e+00 1.002842476234235836e+00 1.002795982573479794e+00 1.002761068223280150e+00 1.002736727656967641e+00 1.002722331407631007e+00 1.002717563390749245e+00
1.004080252318390709e+00 1.003818938677278672e+00 1.003595808434080139e+00 1.003407306817617473e+00 1.003249243427900117e+00 1.003124231351564033e+00 1.003014817972929462e+00 1.002924954428421334e+00 1.002851911481761560e+00 1.002793445583345378e+00 1.002747698479491190e+00 1.002713345432750813e+00 1.002689396528983812e+00 1.002675232065661781e+00 1.002670540838683344e+00
1.004012305530585181e+00 1.003755034179759420e+00 1.003535374290806859e+00 1.003349818646529945e+00 1.003194236083896351e+00 1.003071193062331723e+00 1.002963508593050612e+00 1.002875068932667535e+00 1.002803186015841730e+00 1.002745650411149603e+00 1.002700632344162956e+00 1.002666827415322093e+00 1.002643260966844752e+00 1.002629322838039849e+00 1.002624706594462012e+00
1.003946012898691009e+00 1.003692692337031067e+00 1.003476423859129829e+00 1.003293746883771931e+00 1.003140588260058141e+00 1.003019469004591269e+00 1.002913473567821345e+00 1.002826424873726641e+00 1.002755675116666190e+00 1.002699048222576383e+00 1.002654742256714471e+00 1.002621472699973149e+00 1.002598279806621306e+00 1.002584562742666829e+00 1.002580019736242223e+00
1.003881318355897223e+00 1.003631860119792440e+00 1.003418906730332516e+00 1.003239043354689164e+00 1.003088253669963237e+00 1.002969014394860636e+00 1.002864669437255385e+00 1.002778979884110022e+00 1.002709337308510973e+00 1.002653598258196554e+00 1.002609988019776521e+00 1.002577241512342621e+00 1.002554413569333613e+00 1.002540912475456514e+00 1.002536441017894742e+00
1.003818168032729607e+00 1.003572486587531953e+00 1.003362774489999110e+00 1.003185661797780348e+00 1.003037187871336888e+00 1.002919786238622546e+00 1.002817054481527137e+00 1.002732693296068511e+00 1.002664132782306927e+00 1.002609261398603513e+00 1.002566331055066540e+00 1.002534095681378190e+00 1.002511624368283893e+00 1.002498334318071116e+00 1.002493932776871821e+00
1.003756510131795343e+00 1.003514522770120765e+00 1.003307980605501859e+00 1.003133557757196481e+00 1.002987348162775572e+00 1.002871743230406842e+00 1.002770588624009251e+00 1.002687526047064237e+00 1.002620023303095964e+00 1.002566000073460861e+00 1.002523734313686132e+00 1.002491998550574692e+00 1.002469875820948708e+00 1.002456792050201884e+00 1.002452458846618155e+00
1.003696294807664424e+00 1.003457921554375742e+00 1.003254480318306552e+00 1.003082688479920659e+00 1.002938693485038169e+00 1.002824845658337960e+00 1.002725233338684241e+00 1.002643440589541246e+00 1.002576972121723919e+00 1.002523778174735813e+00 1.002482162190563297e+00 1.002450914893323830e+00 1.002429132964964165e+00 1.002416250865929115e+00 1.002411984473054796e+00
1.003637474051178646e+00 1.003402637574934086e+00 1.003202230540473971e+00 1.003033012817043268e+00 1.002891184326333507e+00 1.002779055312607248e+00 1.002680951561407685e+00 1.002600400804488423e+00 1.002534943890274866e+00 1.002482560973637193e+00 1.002441580442563707e+00 1.002410810831909638e+00 1.002389362177737331e+00 1.002376677293698615e+00 1.002372476234675513e+00
1.003580001577440095e+00 1.003348627108744395e+00 1.003151189754714956e+00 1.002984491128524835e+00 1.002844782631035159e+00 1.002734335397316601e+00 1.002637707604497441e+00 1.002558371918283342e+00 1.002493904580752604e+00 1.002442315040763532e+00 1.002401956109793435e+00 1.002371653759676517e+00 1.002350531099216679e+00 1.002338039119448965e+00 1.002333901965793084e+00
1.003523832716709085e+00 1.003295847972461408e+00 1.003101317917329593e+00 1.002937085190816591e+00 1.002799451711231082e+00 1.002690650445129172e+00 1.002595467074101965e+00 1.002517320422293245e+00 1.002453821406493084e+00 1.002403008168971654e+00 1.002363257439601307e+00 1.002333412265884904e+00 1.002312608557343943e+00 1.002300305312415984e+00 1.002296230682461209e+00
1.003468924307377330e+00 1.003244259421979034e+00 1.003052576363322901e+00 1.002890758106679936e+00 1.002755156160475059e+00 1.002647966234127885e+00 1.002554196789773977e+00 1.002477213994677818e+00 1.002414662745777951e+00 1.002364609298434628e+00 1.002325453812771050e+00 1.002296056062752738e+00 1.002275564495688442e+00 1.002263445953116117e+00 1.002259432510572035e+00
1.003415234590109284e+00 1.003193822053265016e+00 1.003004927712922489e+00 1.002845474216480293e+00 1.002711861769069568e+00 1.002606249706239794e+00 1.002513864705635971e+00 1.002438021423799119e+00 1.002376398067068575e+00 1.002327088443334624e+00 1.002288515671350799e+00 1.002259555914140510e+00 1.002239369902725219e+00 1.002227432162978049e+00 1.002223478615605901e+00
1.003362723102130261e+00 1.003144497703572835e+00 1.002958335778644461e+00 1.002801199010160405e+00 1.002669535440127158e+00 1.002565468886510214e+00 1.002474439832459208e+00 1.002399712532595855e+00 1.002338997855236169e+00 1.002290416619575630e+00 1.002252414447525330e+00 1.002223883565291240e+00 1.002203996742182079e+00 1.002192236035045259e+00 1.002188341133451344e+00
1.003311350570507132e+00 1.003096249351966840e+00 1.002912765471935419e+00 1.002757899038994482e+00 1.002628145105570523e+00 1.002525592802438581e+00 1.002435892159897701e+00 1.002362258103185688e+00 1.002302433538082571e+00 1.002254565772833450e+00 1.002217122492860213e+00 1.002189011672967922e+00 1.002169417883798985e+00 1.002157830565105323e+00 1.002153993101656315e+00
1.003261078803068251e+00 1.003049041017947784e+00 1.002868182708270606e+00 1.002715541826082246e+00 1.002587659641103190e+00 1.002486591402450999e+00 1.002398192578005442e+00 1.002325629800865148e+00 1.002266677412347651e+00 1.002219508706163165e+00 1.002182613007153611e+00 1.002154913735241459e+00 1.002135607033764142e+00 1.002124189582508373e+00 1.002120408390374084e+00
1.003211870575368314e+00 1.003002837656719048e+00 1.002824554309383442e+00 1.002674095774366947e+00 1.002548048779010159e+00 1.002448435472442334e+00 1.002361312797020121e+00 1.002289800096534567e+00 1.002231702568264327e+00 1.002185219006249461e+00 1.002148859966010663e+00 1.002121564020051592e+00 1.002102538663963927e+00 1.002091287679823362e+00 1.002087561632153179e+00
1.003163689511772594e+00 1.002957605049366707e+00 1.002781847901043299e+00 1.002633530070710988e+00 1.002509283017431585e+00 1.002411096549101543e+00 1.002325225264196984e+00 1.002254742186384329e+00 1.002197482811544749e+00 1.002151670967221575e+00 1.002115838046080176e+00 1.002088937491508513e+00 1.002070187939024581e+00 1.002059100140316295e+00 1.002055428149561056e+00
1.003116499958310648e+00 1.002913309685824483e+00 1.002740031804448373e+00 1.002593814584255671e+00 1.002471333524455055e+00 1.002374546828469937e+00 1.002289903076221789e+00 1.002220429907437982e+00 1.002163992581445617e+00 1.002118839510721671e+00 1.002083522546679317e+00 1.002057009732681747e+00 1.002038530639907554e+00 1.002027602862022748e+00 1.002023983879412494e+00
1.003070266844384939e+00 1.002869918638001456e+00 1.002699074918840472e+00 1.002554919756864837e+00 1.002434172034989190e+00 1.002338759067809004e+00 1.002255319885389184e+00 1.002186837647225159e+00 1.002131206863249302e+00 1.002086700100613958e+00 1.002051889306236010e+00 1.002025756863335504e+00 1.002007543082544805e+00 1.001996772276912973e+00 1.001993205292112554e+00
1.003024955529665307e+00 1.002827399419768284e+00 1.002658946592348332e+00 1.002516816482901252e+00 1.002397770737862626e+00 1.002303706478381073e+00 1.002221449797275010e+00 1.002153940245416930e+00 1.002099101093081979e+00 1.002055228650326590e+00 1.002020914611589708e+00 1.001995155450691177e+00 1.001977202029616043e+00 1.001966585263267095e+00 1.001963069304228293e+00
1.002980531631514127e+00 1.002785719829614619e+00 1.002619616477246733e+00 1.002479475974840328e+00 1.002362102149909839e+00 1.002269362606099223e+00 1.002188267257032361e+00 1.002121712884685323e+00 1.002067651052438890e+00 1.002024401420279265e+00 1.001990575097670311e+00 1.001965182410788024e+00 1.001947484593073590e+00 1.001937019048888322e+00 1.001933553181929115e+00
1.002936960826935175e+00 1.002744847770577374e+00 1.002581054364734436e+00 1.002442869610227438e+00 1.002327138972880949e+00 1.002235701196137363e+00 1.002155746920613932e+00 1.002090130967273396e+00 1.002036832749038764e+00 1.001994194902130264e+00 1.001960847634375762e+00 1.001935814897320975e+00 1.001918368124342429e+00 1.001908051102104569e+00 1.001904634432252639e+00
1.002894208621234684e+00 1.002704751040417008e+00 1.002543229992857388e+00 1.002406968754135486e+00 1.002292853927759575e+00 1.002202696036414764e+00 1.002123863506128032e+00 1.002059169972701724e+00 1.002006622279619563e+00 1.001964585685597653e+00 1.001931709196514975e+00 1.001907030173909474e+00 1.001889830088200872e+00 1.001879659006598589e+00 1.001876290678252568e+00
1.002852240073092593e+00 1.002665397082787901e+00 1.002506112819175899e+00 1.002371744549422905e+00 1.002259219559362258e+00 1.002170320773270173e+00 1.002092591619004880e+00 1.002028805290596791e+00 1.001976995668903525e+00 1.001935550302275324e+00 1.001903136711379538e+00 1.001878805464470723e+00 1.001861847915095360e+00 1.001851820314867858e+00 1.001848499512832280e+00
1.002811019462311881e+00 1.002626752687061584e+00 1.002469671746987423e+00 1.002337167664533846e+00 1.002226208001714802e+00 1.002138548690402420e+00 1.002061905542565245e+00 1.001999012020632129e+00 1.001947928677038968e+00 1.001907065039003397e+00 1.001875106876708443e+00 1.001851117774603450e+00 1.001834398824894556e+00 1.001824512373374887e+00 1.001821238324360097e+00
1.002770509881716343e+00 1.002588783620157686e+00 1.002433874789994572e+00 1.002303207984995614e+00 1.002193790691390696e+00 1.002107352439053800e+00 1.002031778982630295e+00 1.001969764728767975e+00 1.001919396565144726e+00 1.001879105710764328e+00 1.001847595939273861e+00 1.001823943674413631e+00 1.001807459612652940e+00 1.001797712110040539e+00 1.001794484084733483e+00
1.002730672727861760e+00 1.002551454167615264e+00 1.002398688654777770e+00 1.002269834229691847e+00 1.002161938011288500e+00 1.002076703702992955e+00 1.002002184750659941e+00 1.001941037145018365e+00 1.001891373804777441e+00 1.001851647379389920e+00 1.001820579420743762e+00 1.001797259029705067e+00 1.001781006383492212e+00 1.001771395771302142e+00 1.001768213087154580e+00
1.002691467055472296e+00 1.002514726552379498e+00 1.002364078212457210e+00 1.002237013465684168e+00 1.002130618840563425e+00 1.002046572775505684e+00 1.001973094363910910e+00 1.001912801782266271e+00 1.001863833711666985e+00 1.001824663999083542e+00 1.001794031772322402e+00 1.001771038663410662e+00 1.001755014218738360e+00 1.001745538591018780e+00 1.001742400615953876e+00
1.002652848746277581e+00 1.002478560186974343e+00 1.002330005819329850e+00 1.002204710484725148e+00 1.002099799976579053e+00 1.002016928016365771e+00 1.001944477532372479e+00 1.001885029447338926e+00 1.001836747976091679e+00 1.001798127962030716e+00 1.001767925932158132e+00 1.001745255921781208e+00 1.001729456748192248e+00 1.001720114366327241e+00 1.001717020523628765e+00
1.002614769421860341e+00 1.002442910695785949e+00 1.002296430429057805e+00 1.002172886988807132e+00 1.002069445380119550e+00 1.001987735143017755e+00 1.001916301489292227e+00 1.001857688603213115e+00 1.001810086050412663e+00 1.001772009505936589e+00 1.001742232748354944e+00 1.001719882108919490e+00 1.001704305592647781e+00 1.001695094904860639e+00 1.001692044679616478e+00
1.002577174998328324e+00 1.002407728615588800e+00 1.002263306413022192e+00 1.002141500508298977e+00 1.002039515173041684e+00 1.001958956289500824e+00 1.001888530102533315e+00 1.001830744522597350e+00 1.001783814336413503e+00 1.001746275928015573e+00 1.001716920213590489e+00 1.001694885736754692e+00 1.001679529624502907e+00 1.001670449291624410e+00 1.001667442239241090e+00
1.002540003731751561e+00 1.002372957638455242e+00 1.002230581965489753e+00 1.002110502939540959e+00 1.002009964283572252e+00 1.001930548734737858e+00 1.001861122673885829e+00 1.001804158144439905e+00 1.001757895087534544e+00 1.001720890523333463e+00 1.001691952431396970e+00 1.001670231512125087e+00 1.001655093969251675e+00 1.001646142898976244e+00 1.001643178656497657e+00
1.002503183526482156e+00 1.002338532192032394e+00 1.002198196907418959e+00 1.002079838531110711e+00 1.001980740580991958e+00 1.001902463151605804e+00 1.001834032286032627e+00 1.001777884499737814e+00 1.001732284897721703e+00 1.001695811123429314e+00 1.001667288193305971e+00 1.001645878942599932e+00 1.001630958631174018e+00 1.001622136024016729e+00 1.001619214325311091e+00
1.002466628154841111e+00 1.002304374040820845e+00 1.002166079601479298e+00 1.002049441055033574e+00 1.001951782255284806e+00 1.001874641147254108e+00 1.001807203480400421e+00 1.001751870500167563e+00 1.001706932578637854e+00 1.001670988043477761e+00 1.001642878980143259e+00 1.001621780378084914e+00 1.001607076562863963e+00 1.001598381974563523e+00 1.001595502670946214e+00
1.002430231832328600e+00 1.002270387407925289e+00 1.002134142523396276e+00 1.002019229745384044e+00 1.001923014054644234e+00 1.001847011731077375e+00 1.001780568922449488e+00 1.001726051762336978e+00 1.001681776111041033e+00 1.001646361134064467e+00 1.001618666091518950e+00 1.001597878198169589e+00 1.001583390892664349e+00 1.001574824320199175e+00 1.001571987408858222e+00
1.002393861244622153e+00 1.002236451803024231e+00 1.002102275749209070e+00 1.001989103324375963e+00 1.001894341750297679e+00 1.001819486117931479e+00 1.001754044494687967e+00 1.001700347934324942e+00 1.001656738158114512e+00 1.001621855442057507e+00 1.001594576420904881e+00 1.001574100672256495e+00 1.001559830843719467e+00 1.001551392846031563e+00 1.001548598509927501e+00
1.002357343510204890e+00 1.002202411189500486e+00 1.002070337114626231e+00 1.001958930973188888e+00 1.001865643768407255e+00 1.001791949870143084e+00 1.001727521875695581e+00 1.001674655626956900e+00 1.001631719278569532e+00 1.001597374646359340e+00 1.001570516063768457e+00 1.001550355696072092e+00 1.001536305559441953e+00 1.001527997430560868e+00 1.001525246095644972e+00
1.002320447442659246e+00 1.002168057111890054e+00 1.002038136880452290e+00 1.001928538256240397e+00 1.001836758140595363e+00 1.001764250640360121e+00 1.001700856962069119e+00 1.001648837383348312e+00 1.001606587334441745e+00 1.001572790812018887e+00 1.001546360339860220e+00 1.001526521013708093e+00 1.001512694463975617e+00 1.001504518487690065e+00 1.001501810907078349e+00
1.002282853338477553e+00 1.002133101470315868e+00 1.002005412972912346e+00 1.001897684382025755e+00 1.001807461413429357e+00 1.001736178354803330e+00 1.001673851144055494e+00 1.001622703835822747e+00 1.001581160353598676e+00 1.001547927810491068e+00 1.001521937645487137e+00 1.001502428391744859e+00 1.001488831659388179e+00 1.001480791495340528e+00 1.001478128876930551e+00
1.002244102224164379e+00 1.002097130738923481e+00 1.001971789313561345e+00 1.001866023906655689e+00 1.001777433107896575e+00 1.001707431804014226e+00 1.001646219725480513e+00 1.001595983602504569e+00 1.001555177609231961e+00 1.001522533334571419e+00 1.001497002193250552e+00 1.001477836899108409e+00 1.001464479579937006e+00 1.001456580870334845e+00 1.001453965077355512e+00
1.002203506363896768e+00 1.002059525130901907e+00 1.001936702160549864e+00 1.001833038974670576e+00 1.001746192787166256e+00 1.001677559448211019e+00 1.001617535940251269e+00 1.001568269898382768e+00 1.001528248310788793e+00 1.001496229235040225e+00 1.001471185624394300e+00 1.001452385470388284e+00 1.001439282214766857e+00 1.001431533579687283e+00 1.001428967459718100e+00
1.002159982016771700e+00 1.002019307254025549e+00 1.001899261984415812e+00 1.001797912091890952e+00 1.001712981764820043e+00 1.001645848056543997e+00 1.001587125554982416e+00 1.001538919962108531e+00 1.001499754901770345e+00 1.001468417883831563e+00 1.001443905749634933e+00 1.001425503419933305e+00 1.001412676851967332e+00 1.001405091609681941e+00 1.001402579563397843e+00
1.002111713963747652e+00 1.001974837718221156e+00 1.001857975041055449e+00 1.001759269183679191e+00 1.001676523836966926e+00 1.001611097183784382e+00 1.001553853196222033e+00 1.001506850986877195e+00 1.001468656707792837e+00 1.001438091940206387e+00 1.001414181065155340e+00 1.001396228502726915e+00 1.001383714599464181e+00 1.001376313937331286e+00 1.001373862966945083e+00
1.002055420911116101e+00 1.001923145902613888e+00 1.001810129142114203e+00 1.001714611152795253e+00 1.001634494692299926e+00 1.001571118134743310e+00 1.001515646879672428e+00 1.001470085424075673e+00 1.001433051970899601e+00 1.001403409672544820e+00 1.001380216404608614e+00 1.001362800284270937e+00 1.001350659114977448e+00 1.001343478422548339e+00 1.001341100226251557e+00
1.001984560003183367e+00 1.001858283436159347e+00 1.001750274062666257e+00 1.001658901039247596e+00 1.001582198072312746e+00 1.001521480086453142e+00 1.001468304985038138e+00 1.001424607637535047e+00 1.001389074663094014e+00 1.001360623761998747e+00 1.001338356671826801e+00 1.001321632531804839e+00 1.001309971972526469e+00 1.001303074836022544e+00 1.001300790437719579e+00
1.001884297130686718e+00 1.001766656493410013e+00 1.001665870114661461e+00 1.001580484115172087e+00 1.001508716055603321e+00 1.001451843746497428e+00 1.001401991145074888e+00 1.001360991612930018e+00 1.001327630347639275e+00 1.001300903817395227e+00 1.001279977191359860e+00 1.001264254514518059e+00 1.001253289482934017e+00 1.001246802687484339e+00 1.001244654024038727e+00
1.001715196302427557e+00 1.001611498018297741e+00 1.001522496931533723e+00 1.001446966667115301e+00 1.001383382402015076e+00 1.001332925461817736e+00 1.001288642260094619e+00 1.001252183300626042e+00 1.001222489061826204e+00 1.001198681769871479e+00 1.001180029070612321e+00 1.001166007877904773e+00 1.001156225867169569e+00 1.001150437526376669e+00 1.001148519984266017e+00
1.001363652769942991e+00 1.001282030419232694e+00 1.001212300290066803e+00 1.001153354436735698e+00 1.001103891386628142e+00 1.001064741359097177e+00 1.001030452931484627e+00 1.001002271337722460e+00 1.000979350020618330e+00 1.000960992636618752e+00 1.000946621805261172e+00 1.000935826025232345e+00 1.000928297613014717e+00 1.000923844083328795e+00 1.000922368941210783e+00
