1.000000000000000000e+00 1.000000000000000000e+00 1.000000000000000000e+00 1.000000000000000000e+00 1.000000000000000000e+00 1.000000000000000000e+00 1.000000000000000000e+00 1.000000000000000000e+00 1.000000000000000000e+00 1.000000000000000000e+00 1.000000000000000000e+00 1.000000000000000000e+00 1.000000000000000000e+00 1.000000000000000000e+00 1.000000000000000000e+00
7.194516666089149082e-01 6.982330861372215702e-01 6.764768298284893344e-01 6.548126080076551725e-01 6.335793243397531693e-01 6.136052230859956325e-01 5.956264885646308516e-01 5.796604118508005277e-01 5.663939321247126735e-01 5.555891207141836485e-01 5.470805571287609137e-01 5.406733222254752613e-01 5.362134798903409605e-01 5.335850026136027546e-01 5.327166873115125600e-01
4.552122428106776253e-01 4.287108598970259532e-01 4.029045504949206880e-01 3.784757541181752449e-01 3.556750128196964900e-01 3.351999046971276264e-01 3.175372873901963211e-01 3.024344970100127927e-01 2.902844229158825229e-01 2.806470800596438386e-01 2.732161820408970376e-01 2.677103454898910884e-01 2.639226880930565233e-01 2.617073580358595386e-01 2.609782726521710505e-01
2.903599979412483378e-01 2.677224940137633014e-01 2.463391678878791291e-01 2.266831024725272925e-01 2.088531543848108907e-01 1.932753692229990106e-01 1.801734028962992673e-01 1.692203470828341216e-01 1.605769756803327175e-01 1.538280883763980811e-01 1.486889394969205802e-01 1.449173715363528681e-01 1.423406463930878552e-01 1.408403073909794134e-01 1.403476187395878427e-01
1.927647827313646312e-01 1.751278986559982043e-01 1.588023417199179166e-01 1.440920288901472723e-01 1.310097152547532451e-01 1.197964479053183207e-01 1.105292626284996166e-01 1.029007391137121835e-01 9.695861703943035870e-02 9.236722107309072727e-02 8.889957674592380288e-02 8.637050909380540598e-02 8.465036074771761787e-02 8.365165994497081314e-02 8.332416453599769679e-02
1.336675711365042651e-01 1.201898984060726649e-01 1.078932469057761329e-01 9.697204056291561236e-02 8.739846541618574716e-02 7.930523616597581760e-02 7.269930611004141174e-02 6.731955462883240648e-02 6.316603755074692850e-02 5.997908860241338985e-02 5.758516520313006204e-02 5.584627019776436385e-02 5.466696590493286267e-02 5.398353817576936886e-02 5.375962964463274624e-02
9.647753295648237026e-02 8.612582324531933842e-02 7.678050167321970321e-02 6.856852517414779857e-02 6.144602303260231907e-02 5.548497857637568753e-02 5.066219838199410852e-02 4.676375150785140600e-02 4.377190735382923553e-02 4.148696257875961885e-02 3.977666203362888175e-02 3.853758181373509450e-02 3.769879245721183963e-02 3.721326757075538172e-02 3.705428750278115524e-02
7.211601434999700966e-02 6.405359676522617840e-02 5.683178378874521181e-02 5.053607868034224598e-02 4.511856978540797203e-02 4.061750264991729337e-02 3.699869543179306469e-02 3.408849951004486178e-02 3.186411515188426052e-02 3.017051897820243953e-02 2.890575925160706119e-02 2.799099638317098862e-02 2.737247172222408501e-02 2.701470732477122966e-02 2.689760261468850805e-02
5.554744084727966658e-02 4.916212942459483037e-02 4.347602379826671221e-02 3.854872906483419043e-02 3.433372889314841025e-02 3.085044355077884090e-02 2.806242302734080624e-02 2.582832529981183081e-02 2.412538011438145405e-02 2.283142797020804721e-02 2.186655487749093393e-02 2.116943345935104123e-02 2.069841288638045798e-02 2.042609138042764463e-02 2.033697366603868031e-02
4.389174705724362829e-02 3.874842828549019541e-02 3.418865277492805915e-02 3.025541618676249808e-02 2.690576807111986352e-02 2.414853476852187042e-02 2.194872572373307226e-02 2.019035062152597926e-02 1.885251177734237338e-02 1.783734227457693319e-02 1.708107805708217880e-02 1.653504440909983608e-02 1.616627608242454314e-02 1.595313167784552857e-02 1.588338909923524972e-02
3.544336710212959984e-02 3.123366668616914602e-02 2.751434697540702454e-02 2.431741964029195124e-02 2.160412360215198738e-02 1.937728261759280937e-02 1.760476993210969079e-02 1.619041018110250682e-02 1.511566954770375559e-02 1.430086365207125509e-02 1.369423642864897595e-02 1.325642696912756983e-02 1.296083076626075234e-02 1.279000789482047200e-02 1.273411770391432232e-02
2.915680264488321183e-02 2.566036684057642486e-02 2.257949410448088778e-02 1.993869594912326196e-02 1.770333313612014112e-02 1.587282704705092473e-02 1.441826776921356808e-02 1.325903639191902163e-02 1.237891938812265072e-02 1.171205222529123763e-02 1.121575876443040541e-02 1.085766992558432481e-02 1.061593821199257812e-02 1.047625671850086794e-02 1.043055747240724876e-02
2.436994063721116197e-02 2.142724581722343577e-02 1.883982940254065250e-02 1.662691868730439837e-02 1.475765172822937794e-02 1.322954417297444313e-02 1.201680287113621182e-02 1.105112552845408970e-02 1.031838694700715035e-02 9.763395683054398866e-03 9.350459704785634568e-03 9.052559251893953565e-03 8.851476144401718496e-03 8.735288704617602887e-03 8.697276794534369165e-03
2.065065481052176521e-02 1.814447778174664225e-02 1.594468788304191989e-02 1.406667871652510574e-02 1.248293789039528826e-02 1.118994962539608500e-02 1.016476246784294921e-02 9.348925139988490535e-03 8.730124147296885323e-03 8.261539888362976966e-03 7.912940935722166669e-03 7.661473240881138194e-03 7.491738940167810314e-03 7.393666980376018341e-03 7.361581978132514942e-03
1.770906186181485029e-02 1.555193039748485259e-02 1.366121575674066405e-02 1.204945536099919987e-02 1.069206162861314341e-02 9.585004055268932927e-03 8.707849578528553333e-03 8.010110450137577359e-03 7.481020017270365377e-03 7.080422035641395495e-03 6.782419993555101508e-03 6.567456753084160298e-03 6.422362961375829675e-03 6.338528135256538999e-03 6.311100866292647035e-03
1.534578629385643239e-02 1.347144004629720511e-02 1.183055090167888651e-02 1.043347775460637568e-02 9.258170682057673823e-03 8.300391825495859882e-03 7.541910254601677174e-03 6.938744265929394986e-03 6.481440110898078685e-03 6.135217123780373205e-03 5.877668472439726184e-03 5.691884878145582645e-03 5.566484549256558653e-03 5.494027527483406198e-03 5.470322406246863091e-03
1.342056761566418240e-02 1.177808980343261237e-02 1.034165325769839314e-02 9.119920849654409439e-03 8.093041254467775447e-03 7.256751973265322155e-03 6.594736765000849474e-03 6.068383346091205284e-03 5.669351526374736758e-03 5.367251247430820590e-03 5.142520896351832418e-03 4.980406131710433948e-03 4.870978539099929394e-03 4.807749208674409400e-03 4.787062773638239323e-03
1.183269311590637307e-02 1.038242713145462806e-02 9.115204038411081622e-03 8.038342810577407682e-03 7.133899554415277545e-03 6.397694493106157246e-03 5.815073779234952202e-03 5.351898995040767562e-03 5.000776412108780440e-03 4.734942734483679402e-03 4.537183087697272375e-03 4.394517992298932821e-03 4.298215158671958580e-03 4.242567979685968674e-03 4.224361888728895426e-03
1.050849418852840486e-02 9.219163601663095051e-03 8.093426399063382085e-03 7.137520435173068216e-03 6.335161492916973475e-03 5.682313781719736286e-03 5.165768213979346664e-03 4.755147397027083452e-03 4.443864945941922509e-03 4.208184281280179066e-03 4.032846533139142729e-03 3.906349908744234309e-03 3.820957368448121231e-03 3.771612970315296569e-03 3.755468694531755545e-03
9.393170518036174019e-03 8.239819711629502511e-03 7.233487761684451005e-03 6.379531451085684347e-03 5.663116125668692623e-03 5.080382808343408309e-03 4.619380988248980233e-03 4.252921273494253938e-03 3.975108979325481587e-03 3.764757205314626497e-03 3.608253025841039012e-03 3.495336994397369064e-03 3.419108415076363167e-03 3.375057956744388458e-03 3.360645478444839514e-03
8.445329606865713615e-03 7.407831133133323948e-03 6.503125343703819970e-03 5.735842947901966665e-03 5.092420651317607766e-03 4.569191512164839410e-03 4.155304832841517394e-03 3.826294246585762709e-03 3.576860508322694983e-03 3.387982942275629371e-03 3.247445727752422840e-03 3.146043204049745259e-03 3.077583811761412051e-03 3.038021584755737445e-03 3.025077342113957537e-03
7.633267902710701332e-03 6.695226348719846704e-03 5.877684912656654451e-03 5.184670194369401380e-03 4.603738804896503195e-03 4.131420188390861302e-03 3.757828115993931857e-03 3.460838587602327841e-03 3.235667428654407773e-03 3.065148803800476444e-03 2.938262204136591390e-03 2.846703051724695181e-03 2.784885981510217684e-03 2.749161059580071745e-03 2.737472125913698647e-03
6.932392051079557145e-03 6.080328955263731260e-03 5.338077768063043821e-03 4.709158256882211430e-03 4.182117796103093123e-03 3.753679929651960664e-03 3.414807346080888945e-03 3.145404177532175240e-03 2.941133952499641081e-03 2.786430430463907038e-03 2.671303199762903573e-03 2.588223882550025421e-03 2.532129171238508333e-03 2.499710153840786070e-03 2.489102702318573071e-03
6.323400806686606257e-03 5.546141334091630321e-03 4.869346468707166919e-03 4.296107654682686933e-03 3.815852477921764883e-03 3.425492344551578274e-03 3.116739957380534973e-03 2.871266151795690089e-03 2.685125438151350716e-03 2.544140120958983137e-03 2.439213421827705116e-03 2.363490108272934230e-03 2.312359534087558843e-03 2.282808451604531868e-03 2.273139218089262770e-03
5.790983434238498005e-03 5.079189673175527921e-03 4.459641689576698993e-03 3.935066625044795520e-03 3.495677232677193037e-03 3.138564303981266745e-03 2.856105635352304464e-03 2.631519679596991661e-03 2.461203947413555075e-03 2.332193377989567364e-03 2.236171189106546300e-03 2.166869543595199756e-03 2.120072737400923932e-03 2.093025471628479853e-03 2.084175349399456159e-03
5.322874573353330967e-03 4.668686639387170829e-03 4.099481537539239120e-03 3.617674788583360047e-03 3.214182238211185910e-03 2.886264440416523927e-03 2.626891115246223277e-03 2.420643479742481518e-03 2.264221263475457453e-03 2.145724327202513677e-03 2.057520542048289682e-03 1.993857567130462305e-03 1.950866261391156434e-03 1.926017669009650116e-03 1.917886842235775853e-03
4.909158877917929598e-03 4.305916174184507873e-03 3.781208018271004379e-03 3.337182009012461086e-03 2.965385895231527867e-03 2.663239919853039196e-03 2.424242450490889881e-03 2.234180505329216512e-03 2.090021207530927839e-03 1.980804447693531190e-03 1.899502197395288878e-03 1.840816898727385374e-03 1.801185132905109296e-03 1.778277610844067585e-03 1.770781814121986540e-03
4.541753154426785531e-03 3.983775862272173098e-03 3.498583140618187221e-03 3.088091171572550711e-03 2.744417589840750325e-03 2.465132240741137615e-03 2.244207216134536283e-03 2.068501260804611781e-03 1.935219015373900679e-03 1.834234127170006421e-03 1.759054169539483060e-03 1.704784762471898323e-03 1.668133504038761062e-03 1.646948106084382890e-03 1.640015718607079316e-03
4.214016302273489341e-03 3.696432584244456129e-03 3.246485274633886288e-03 2.865889827442900158e-03 2.547279507988586475e-03 2.288363934143368850e-03 2.083541072750582420e-03 1.920626233657411492e-03 1.797035830033056605e-03 1.703386296361128222e-03 1.633662208094192837e-03 1.583328231883953394e-03 1.549333309470367261e-03 1.529682776372276671e-03 1.523252542064750187e-03
3.920452405058128149e-03 3.439060630981371613e-03 3.020678401148810081e-03 2.666846386454017285e-03 2.370665825058881557e-03 2.129976694057533239e-03 1.939560997747423205e-03 1.788091178535941355e-03 1.673173141584323280e-03 1.586087805627126555e-03 1.521246335273345514e-03 1.474434489419689832e-03 1.442817037688942997e-03 1.424540278239063264e-03 1.418559500536467968e-03
3.656482496219188531e-03 3.207640543137618098e-03 2.817634984656255687e-03 2.487853755224528254e-03 2.211824040587767777e-03 1.987507268184897802e-03 1.810032769498631094e-03 1.668843847687142201e-03 1.561716537732076634e-03 1.480528492448619478e-03 1.420073868047640707e-03 1.376426700407753318e-03 1.346945529139662425e-03 1.329903212757244666e-03 1.324326312968663374e-03
3.418267497146730907e-03 2.998803155212799183e-03 2.634398729075071617e-03 2.326308237639238604e-03 2.068447618590574331e-03 1.858891386430164012e-03 1.693083878359419011e-03 1.561164061330694948e-03 1.461061207397733363e-03 1.385190798771533845e-03 1.328692094642931320e-03 1.287898895262563296e-03 1.260344346593199067e-03 1.244415355489462104e-03 1.239202712332830971e-03
3.202569669410750951e-03 2.809707632808845952e-03 2.468477301901814917e-03 2.180014915158232699e-03 1.938592125356671707e-03 1.742388727312487026e-03 1.587135512789195806e-03 1.463601285526370914e-03 1.369853760498673020e-03 1.298794801718872963e-03 1.245875692624078337e-03 1.207665108724571140e-03 1.181854075538594888e-03 1.166932627552070504e-03 1.162049636063469107e-03
3.006643327081687071e-03 2.637945315815749033e-03 2.317757793633360135e-03 2.047113104912302514e-03 1.820609176582919887e-03 1.636523825365441545e-03 1.490848996972232330e-03 1.374925472835096529e-03 1.286946407643374318e-03 1.220254920226243123e-03 1.170585314077811964e-03 1.134719319244152994e-03 1.110491177107878836e-03 1.096484476175258295e-03 1.091900779203682078e-03
2.828147975326830623e-03 2.481463327288000245e-03 2.180439580721169664e-03 1.926017179819447880e-03 1.713094006260842397e-03 1.540039168647217493e-03 1.403083278243898906e-03 1.294088043356448952e-03 1.211360589766755699e-03 1.148645548728966783e-03 1.101934708951598325e-03 1.068203646096959128e-03 1.045416909526454769e-03 1.032243214498690040e-03 1.027932071036788495e-03
2.665078780580561538e-03 2.338503448751738049e-03 2.054980623543288705e-03 1.815369242878051058e-03 1.614843543840066651e-03 1.451857698488753139e-03 1.322860936510832129e-03 1.220190686150754824e-03 1.142257895705618437e-03 1.083173575663255771e-03 1.039164433438621339e-03 1.007382915415124588e-03 9.859124726650616340e-04 9.734995002463358487e-04 9.694372630480714657e-04
2.515710539981069836e-03 2.207552880077603020e-03 1.940054218454897702e-03 1.714001022168086964e-03 1.524822663220548906e-03 1.371052619950901804e-03 1.249340819556782290e-03 1.152460240985702430e-03 1.078916646225141183e-03 1.023156255139705045e-03 9.816206786150089101e-04 9.516241785543669111e-04 9.313589916486274397e-04 9.196425880306958881e-04 9.158082691149808940e-04
2.378552242909513607e-03 2.087304320170226164e-03 1.834513945442355336e-03 1.620902992299916951e-03 1.442136834862864066e-03 1.296822940048520138e-03 1.181795869383271344e-03 1.090228343732516352e-03 1.020712917573830076e-03 9.680032728545998576e-04 9.287381109678365066e-04 9.003801109058468932e-04 8.812212922390506246e-04 8.701443222181436555e-04 8.665192295073529576e-04
2.252310001604256214e-03 1.976623409213196583e-03 1.737365086323079373e-03 1.535199199707030972e-03 1.366009831028127232e-03 1.228473525773141495e-03 1.119595044740227504e-03 1.032914830784727482e-03 9.671050684304106481e-04 9.172021219699009673e-04 8.800258791190013283e-04 8.531754732717589844e-04 8.350346688766090630e-04 8.245460820794784165e-04 8.211135139672691863e-04
2.135856638077467812e-03 1.874522023722950247e-03 1.647741185717878669e-03 1.456126620273691863e-03 1.295765445721595637e-03 1.165398752877503828e-03 1.062188497877362752e-03 9.800141299309533382e-04 9.176210503413104137e-04 8.703061089350936372e-04 8.350561363682002967e-04 8.095960068046972056e-04 7.923940308017248619e-04 7.824480729771968093e-04 7.791930603447330813e-04
2.028206598221724173e-03 1.780136254181762748e-03 1.564884725365564165e-03 1.383018141317702947e-03 1.230812424686734529e-03 1.107069025623959140e-03 1.009095353212808178e-03 9.310840391513571694e-04 8.718479439127206935e-04 8.269244623936439220e-04 7.934545751553852017e-04 7.692792741613080137e-04 7.529449500723500764e-04 7.435004938531697503e-04 7.404095811620565537e-04
1.928495154691880521e-03 1.692708151359352368e-03 1.488131108148294966e-03 1.315288459313057601e-03 1.170631977594152866e-03 1.053019605909766244e-03 9.598935790101488204e-04 8.857364263795472611e-04 8.294232856149772294e-04 7.867141341097905367e-04 7.548925802775719330e-04 7.319070666075698939e-04 7.163762399178561033e-04 7.073962144843812120e-04 7.044572732188066500e-04
1.835961082020392317e-03 1.611570522976536529e-03 1.416895320360469536e-03 1.252422336688400030e-03 1.114767379284095899e-03 1.002841310713395526e-03 9.142115523884023322e-04 8.436294834950983784e-04 7.900278434405110135e-04 7.493729690553804215e-04 7.190806920468768154e-04 6.971990783876703957e-04 6.824137715711855101e-04 6.738646745929211673e-04 6.710667436136655457e-04
1.749932157944859281e-03 1.536134212577063788e-03 1.350660772950693740e-03 1.193964777673328995e-03 1.062815270301690693e-03 9.561727292889055574e-04 8.717210017977995370e-04 8.044612447054890749e-04 7.533795713027995403e-04 7.146339894697668633e-04 6.857631352959943924e-04 6.649076122580829459e-04 6.508152988738665282e-04 6.426667772194506528e-04 6.399999256111348674e-04
1.669812976848395044e-03 1.465877408633500713e-03 1.288969924654442259e-03 1.139512773297144494e-03 1.014418346836561645e-03 9.126936829798487942e-04 8.321310758338790583e-04 7.679641388738892710e-04 7.192285274086067295e-04 6.822605899830487064e-04 6.547132201338359825e-04 6.348131284408406677e-04 6.213661071917709082e-04 6.135905953720379238e-04 6.110458041741979917e-04
1.595074663917024150e-03 1.400336622309449920e-03 1.231416369431117359e-03 1.088708335743109176e-03 9.692591922861090031e-04 8.721197060728317968e-04 7.951833375962612553e-04 7.339003915297667279e-04 6.873525848663508946e-04 6.520424815395156485e-04 6.257294592285046145e-04 6.067204868470000428e-04 5.938753399148200343e-04 5.864477471999271800e-04 5.840168070589038920e-04
1.525246159055762768e-03 1.339099043073486896e-03 1.177638132838278303e-03 1.041232597111913091e-03 9.270550512520892494e-04 8.341973695662585186e-04 7.606475231733864865e-04 7.020581284257029937e-04 6.575537964565308924e-04 6.237922536573641766e-04 5.986322768085663949e-04 5.804557618365186866e-04 5.681728845554772939e-04 5.610703232944224761e-04 5.587457455922428167e-04
1.459906802965254581e-03 1.281796037089290383e-03 1.127311970955315046e-03 9.968007908176500231e-04 8.875533850174692051e-04 7.987003039241784199e-04 7.283179338177089499e-04 6.722480609312248738e-04 6.296553019801991082e-04 5.973424495850534859e-04 5.732612085084567424e-04 5.558635319304598308e-04 5.441067230809515983e-04 5.373082720332868602e-04 5.350832114688643375e-04
1.398680007963024356e-03 1.228097597431357033e-03 1.080148504239383279e-03 9.551579680046433374e-04 8.505280778085852304e-04 7.654258039425395179e-04 6.980103558922887228e-04 6.443006560493510148e-04 6.034986875640550082e-04 5.725430687181370937e-04 5.494725101259403640e-04 5.328045652126764701e-04 5.215406690165506247e-04 5.150271665457753674e-04 5.128953534837716330e-04
1.341227836086557150e-03 1.177707590296874374e-03 1.035888049548435016e-03 9.160753285558554011e-04 8.157761872191601413e-04 7.341919203797442383e-04 6.695594221730572729e-04 6.180637117372194756e-04 5.789417229781679188e-04 5.492594263963822537e-04 5.271371084307471333e-04 5.111538357358811919e-04 5.003524281025165674e-04 4.941062909280595451e-04 4.920619721079608775e-04
1.287246338984613736e-03 1.130359669479625000e-03 9.942970382410651516e-04 8.793470680003474815e-04 7.831151514201562793e-04 7.048349602138835514e-04 6.428163436857077615e-04 5.934002725219346018e-04 5.558564163585869022e-04 5.273703138009669692e-04 5.061388392164030197e-04 4.907988179056034603e-04 4.804319306793945212e-04 4.744369945779752708e-04 4.724748810028627476e-04
1.236461539806254931e-03 1.085813753955428397e-03 9.551649280931961451e-04 8.447876590936761760e-04 7.523803812446251465e-04 6.772073312172632344e-04 6.176469537864161816e-04 5.701868319011709754e-04 5.341273364437841998e-04 5.067664107970919467e-04 4.863729274735756401e-04 4.716380151853320226e-04 4.616798931332331108e-04 4.559212725509982915e-04 4.540364935621309453e-04
1.188625958057884556e-03 1.043852981665681096e-03 9.183015327823332817e-04 8.122295009457550707e-04 7.234231777208158763e-04 6.511756777016692362e-04 5.939300163109318808e-04 5.483117773008023936e-04 5.136501610859991844e-04 4.873489127426007084e-04 4.677446723841837306e-04 4.535796870317455832e-04 4.440065731254106730e-04 4.384705371333822007e-04 4.366585998308036582e-04
1.143515595241372147e-03 1.004281067377999544e-03 8.835347056746177541e-04 7.815208800047278997e-04 6.961089257497530842e-04 6.266192633392032255e-04 5.715557578189116392e-04 5.276740408894940509e-04 4.943304178152074183e-04 4.690283389134781967e-04 4.501683061787777832e-04 4.365407441053208897e-04 4.273306893286773806e-04 4.220045517446439172e-04 4.202613050417820968e-04
1.100927312808438032e-03 9.669200045524965282e-04 8.507083252251522974e-04 7.525241965170349247e-04 6.703155228669204369e-04 6.034285643346199790e-04 5.504245906402770172e-04 5.081819256809167037e-04 4.760823879483263633e-04 4.517234955975920024e-04 4.335660010665537759e-04 4.204457868001709991e-04 4.115784812761062706e-04 4.064505031011114299e-04 4.047721058076560055e-04
1.060676545191869711e-03 9.316080609975893601e-04 8.196805379503939058e-04 7.251144176981549373e-04 6.459320087683884624e-04 5.815040422524469241e-04 5.304459988928454401e-04 4.897520813679675762e-04 4.588281504101916178e-04 4.353605713250378764e-04 4.178670026735416070e-04 4.052262662255867818e-04 3.966828889254644139e-04 3.917421915145300826e-04 3.901250839306439114e-04
1.022595299892921751e-03 8.981980261917725007e-04 7.903222220318647769e-04 6.991777250995098855e-04 6.228573668154405336e-04 5.607550707504605240e-04 5.115375641251574540e-04 4.723086084498825509e-04 4.424967452705471120e-04 4.198723453304449116e-04 4.030068718949011367e-04 3.908197501293507654e-04 3.825828348230768958e-04 3.778193224372989158e-04 3.762602010166686485e-04
9.865304042038533332e-04 8.665556748178121710e-04 7.625156404622013533e-04 6.746103288083878189e-04 6.009994732918722297e-04 5.410989945488905647e-04 4.936241109344376501e-04 4.557822726058658402e-04 4.270234401645214297e-04 4.051974933322422890e-04 3.889268199280246146e-04 3.771692790207421733e-04 3.692225944563938826e-04 3.646268850349308689e-04 3.631226797367164143e-04
9.523419644319845723e-04 8.365584165735912101e-04 7.361532574847878558e-04 6.513174253783981940e-04 5.802741739598505201e-04 5.224603023375676151e-04 4.766369559667936896e-04 4.401098140754498432e-04 4.123490853808535971e-04 3.912799771872964316e-04 3.755731236199466670e-04 3.642228000411904519e-04 3.565512426227895708e-04 3.521146057746706568e-04 3.506624597772421150e-04
9.199020087117788054e-04 8.080941069042576683e-04 7.111366960958787628e-04 6.292122799243798784e-04 5.606044705907233189e-04 5.047698981228512273e-04 4.605132462445228332e-04 4.252333391356135392e-04 3.984195455746204827e-04 3.780685070328123959e-04 3.628966102277179960e-04 3.519326680320050975e-04 3.445221655005859386e-04 3.402364668529286569e-04 3.388337183469661935e-04
8.890932888400635004e-04 7.810599971156769903e-04 6.873758177243948679e-04 6.082154157609748592e-04 5.419198027544331036e-04 4.879644578478864675e-04 4.451953748791542581e-04 4.110997827054318826e-04 3.851851978709532032e-04 3.655160662381482959e-04 3.508522023275846666e-04 3.402552048327793467e-04 3.330926296567598933e-04 3.289502808119799514e-04 3.275944466284437095e-04
8.598082202038639238e-04 7.553618055174300683e-04 6.647879080005837009e-04 5.882538974250114266e-04 5.241554123297381684e-04 4.719858600681559784e-04 4.306304639952152308e-04 3.976604327308901131e-04 3.726004876387532740e-04 3.535794909190363494e-04 3.393985149772324938e-04 3.291503091682620682e-04 3.222234005201317169e-04 3.182173139734872707e-04 3.169060748342789014e-04
8.319479419173240672e-04 7.309128939164096558e-04 6.432969548686079181e-04 5.692606949846649046e-04 5.072517800235248420e-04 4.567806810975801914e-04 4.167699061705169264e-04 3.848705083622680728e-04 3.606235344815512142e-04 3.422190969655912072e-04 3.284974983828345906e-04 3.185811105918734593e-04 3.118784039342024634e-04 3.080019523873363339e-04 3.067331395940553419e-04
8.054214818465305157e-04 7.076335360294331266e-04 6.228330072686880841e-04 5.511741192727090920e-04 4.911541247228909174e-04 4.422997464137114394e-04 4.035689569439065852e-04 3.726887850799378340e-04 3.492157820591463885e-04 3.313983485438048754e-04 3.181141202877034468e-04 3.085136618879785134e-04 3.020244253167563898e-04 2.982714048950984784e-04 2.970429882949048635e-04
7.801450133621019986e-04 6.854502662785779549e-04 6.033316042762619773e-04 5.339373191436714043e-04 4.758119577983987276e-04 4.284977312687141080e-04 3.909863719915573086e-04 3.610772608888522008e-04 3.383416862532243638e-04 3.210835628807489576e-04 3.082160831134811495e-04 2.989166651228970079e-04 2.926308417234995980e-04 2.889954386673583586e-04 2.878055157552230074e-04
7.560411924872112227e-04 6.642952990358117057e-04 5.847332659909217122e-04 5.174978330914616021e-04 4.611786855718142384e-04 4.153328044322704979e-04 3.789840834610650063e-04 3.500008585177584539e-04 3.279684369510781181e-04 3.112436468632159879e-04 2.987735715734916690e-04 2.897612272011687194e-04 2.836693827645811092e-04 2.801461432170794692e-04 2.789929292511552869e-04
7.330385656589311376e-04 6.441060097428086403e-04 5.669830386596171360e-04 5.018071886128562921e-04 4.472112540901962419e-04 4.027663098232057591e-04 3.675269107058950460e-04 3.394271592510499026e-04 3.180657093670168664e-04 3.018498615898551553e-04 2.897590270621552529e-04 2.810206413490344709e-04 2.751139168756138505e-04 2.716977194366356429e-04 2.705795384585204058e-04
7.110710396389897589e-04 6.248244704876967145e-04 5.500300875318962996e-04 4.868205435939194480e-04 4.338698311376759653e-04 3.907624814929440502e-04 3.565823013033084569e-04 3.293261646096182649e-04 3.086054413699765818e-04 2.928756115359706837e-04 2.811469456212884344e-04 2.726701914280706368e-04 2.669402599150116754e-04 2.636262906701046169e-04 2.625415673347874178e-04
6.900774062339362332e-04 6.063970336057995141e-04 5.338273318087323558e-04 4.724963647566268504e-04 4.211175210893449458e-04 3.792881880260881664e-04 3.461200987850667691e-04 3.196700825987703058e-04 2.995616337539713401e-04 2.842962554328401525e-04 2.729136967079163014e-04 2.646869763920955726e-04 2.591260034604566244e-04 2.559097332281236900e-04 2.548569853596854211e-04
6.700009154452509852e-04 5.887739577135615680e-04 5.183311167846833996e-04 4.587961388526018099e-04 4.089201087868373483e-04 3.683127029380529058e-04 3.361123339770223173e-04 3.104331356701591220e-04 2.909101707881348465e-04 2.760889363418274952e-04 2.650373603505312378e-04 2.570497525511530922e-04 2.516503605201647381e-04 2.485275240909252405e-04 2.475053558898579172e-04
6.507888914929098930e-04 5.719090713062815199e-04 5.035009189154870382e-04 4.456841128473704020e-04 3.972458291080113138e-04 3.578074980906501305e-04 3.265330372436891430e-04 3.015913879121465027e-04 2.826286587260291188e-04 2.682324287278866097e-04 2.574975805912205315e-04 2.497387916069145671e-04 2.444940266684335144e-04 2.414606038351179026e-04 2.404676996716616048e-04
6.323923868626283706e-04 5.557594696697671244e-04 4.892990800862471014e-04 4.331270598164559354e-04 3.860651593262482643e-04 3.477460575251532749e-04 3.173580692774040238e-04 2.931225892986534303e-04 2.746962802484019593e-04 2.607070006156212111e-04 2.502754333778198486e-04 2.427357526820328839e-04 2.376390548673928483e-04 2.346912530688792812e-04 2.337263718042141439e-04
6.147658701353105656e-04 5.402852413892228955e-04 4.756905678226735590e-04 4.210940676859031644e-04 3.753506317191409084e-04 3.381037094383327582e-04 3.085649683673759194e-04 2.850060350982628124e-04 2.670936630671404588e-04 2.534942891509036288e-04 2.433533072998836724e-04 2.360235667882740565e-04 2.310687424542055553e-04 2.282029808746982179e-04 2.272649506583372051e-04
5.978669438819483612e-04 5.254492211985845040e-04 4.626427585909744671e-04 4.095563483045887234e-04 3.650766642004716267e-04 3.288574743080938849e-04 3.001328123390323505e-04 2.772224387797575735e-04 2.598027611369456294e-04 2.465771880980021204e-04 2.367147957604284010e-04 2.295863323700693133e-04 2.247675289605277345e-04 2.219804239438897175e-04 2.210681374413125814e-04
5.816560893608126431e-04 5.112167663110790379e-04 4.501252416804236707e-04 3.984870646423391109e-04 3.552194070209900340e-04 3.199859274184378428e-04 2.920420935746107947e-04 2.697538169529697005e-04 2.528067471104189457e-04 2.399397459811204844e-04 2.303445993467540052e-04 2.234092207260294019e-04 2.187209035932205850e-04 2.160092552471672860e-04 2.151216652567412987e-04
5.660964351467324311e-04 4.975555537161635263e-04 4.381096414644858610e-04 3.878611741735251361e-04 3.457566038187446936e-04 3.114690742440331039e-04 2.842746057170383173e-04 2.625833850594268249e-04 2.460899148361627244e-04 2.335670737343078932e-04 2.242284373121473592e-04 2.174783902546957267e-04 2.129153213458687686e-04 2.102761012242642313e-04 2.094122166468873265e-04
5.511535471633430359e-04 4.844353962269134410e-04 4.265694560983316437e-04 3.776552867363539684e-04 3.366674655039413500e-04 3.032882373374814556e-04 2.768133408250130628e-04 2.556954626797536246e-04 2.396375908418115484e-04 2.274452608583494629e-04 2.183529672092002628e-04 2.117809085956476485e-04 2.073381268327070424e-04 2.047684665960456296e-04 2.039273487248265907e-04
5.367952378858241707e-04 4.718280753218938328e-04 4.154799109384504419e-04 3.678475353586346786e-04 3.279325556409286844e-04 2.954259535213692688e-04 2.696423958915069186e-04 2.490753874574184947e-04 2.334360538677289411e-04 2.215612992003732735e-04 2.127057118276587378e-04 2.063046818456750365e-04 2.019774850427561168e-04 1.994746660073582530e-04 1.986554251080642302e-04
5.229913927401615668e-04 4.597071890520736462e-04 4.048178251685669634e-04 3.584174587155131999e-04 3.195336861446585516e-04 2.878658803257425286e-04 2.627468877636635882e-04 2.427094367540189339e-04 2.274724616250010218e-04 2.159030135740247535e-04 2.072749926875053520e-04 2.010383901244101889e-04 1.968223183045409894e-04 1.943837618002256971e-04 1.935855539562443171e-04
5.097138119506535933e-04 4.480480134811047318e-04 3.945614902894121296e-04 3.493458940372183184e-04 3.114538222441330250e-04 2.805927107326375920e-04 2.561128756118720884e-04 2.365847562522425745e-04 2.217347840456208418e-04 2.104589985272150513e-04 2.020498694233751344e-04 1.959714288464917901e-04 1.918622488326170281e-04 1.894855072967878082e-04 1.887075314950307473e-04
4.969360662847397553e-04 4.368273763002253384e-04 3.846905592814519660e-04 3.406148794182898600e-04 3.036769957835018367e-04 2.735920953951096368e-04 2.497272901918541513e-04 2.306892948109481010e-04 2.162117423751801898e-04 2.052185606424796382e-04 1.970200844711283961e-04 1.910938551296782306e-04 1.870875462978717192e-04 1.847702950412040412e-04 1.840117904777466111e-04
4.846333653172000947e-04 4.260235414106002005e-04 3.751859453825000332e-04 3.322075645966383211e-04 2.961882260350557619e-04 2.668505715909217377e-04 2.435778692277693004e-04 2.250117449542025233e-04 2.108927535306565862e-04 2.001716658233358833e-04 1.921760125328847890e-04 1.863963388317404384e-04 1.824890799255755511e-04 1.802291095109308803e-04 1.794893530972910863e-04
4.727824369875171769e-04 4.156161033988664544e-04 3.660297295386687080e-04 3.241081293733808584e-04 2.889734472892335781e-04 2.603554982524609743e-04 2.376530983182366863e-04 2.195414884440418767e-04 2.057678792093044109e-04 1.953088910800733567e-04 1.875086143543275503e-04 1.818701177646301790e-04 1.780582746795975708e-04 1.758534838615205781e-04 1.751317879143522531e-04
4.613614173576572534e-04 4.055858909485947133e-04 3.572050756895876061e-04 3.163017089345958755e-04 2.820194425666783440e-04 2.540949964859834202e-04 2.319421568321294598e-04 2.142685464464660276e-04 2.008277792904503600e-04 1.906213803811917173e-04 1.830093943986493279e-04 1.775069566833890205e-04 1.737870711390800680e-04 1.716354603163359712e-04 1.709311704149869251e-04
4.503497495950072212e-04 3.959148783332983230e-04 3.486961531390393829e-04 3.087743254155470430e-04 2.753137828677430831e-04 2.480578950563388737e-04 2.264348683182334989e-04 2.091835338527959197e-04 1.960636691211193889e-04 1.861008041832026383e-04 1.786703620460523400e-04 1.732991096903903382e-04 1.696678887160537111e-04 1.675675538542194351e-04 1.668800468520836562e-04
4.397280913088455912e-04 3.865861042274277020e-04 3.404880653417215728e-04 3.015128251179852040e-04 2.688447714369166419e-04 2.422336803688889505e-04 2.211216550033197434e-04 2.042776173649350757e-04 1.914672803197754909e-04 1.817393222925385121e-04 1.744839959870173507e-04 1.692392857335678661e-04 1.656935918996794304e-04 1.636427188848698755e-04 1.629714010618065498e-04
4.294782294602612948e-04 3.775835971519871668e-04 3.325667845071451326e-04 2.945048208530080271e-04 2.626013925744671851e-04 2.366124505294617231e-04 2.159934959977876994e-04 1.995424769940994732e-04 1.870308247707502076e-04 1.775295497495672943e-04 1.704432115122911286e-04 1.653206169109082044e-04 1.618574592457060581e-04 1.598543186341530435e-04 1.591986239784277273e-04
4.195830021464256264e-04 3.688923069423469779e-04 3.249190914838555495e-04 2.877386389366992864e-04 2.565732645761163440e-04 2.311848731066345997e-04 2.110418888674952067e-04 1.949702706588652323e-04 1.827469615158420590e-04 1.734645254567861465e-04 1.665413304332601303e-04 1.615366293232521405e-04 1.581531548588251601e-04 1.561960969902995470e-04 1.555554855995717946e-04
4.100262266318665605e-04 3.604980416887120561e-04 3.175325204422493365e-04 2.812032704142772310e-04 2.507505964245382258e-04 2.259421462591304031e-04 2.062588142653540529e-04 1.905536016005498568e-04 1.786087662796003415e-04 1.695376833017110164e-04 1.627720533936383260e-04 1.578812162438299324e-04 1.545747021414200259e-04 1.526621525873981167e-04 1.520361091792403073e-04
4.007926330630794641e-04 3.523874096554527476e-04 3.103953079231540281e-04 2.748883261315115956e-04 2.451241478946182030e-04 2.208759629253053986e-04 2.016367033473091244e-04 1.862854883624895635e-04 1.746097033914727203e-04 1.657428255502089770e-04 1.591294343575655815e-04 1.543486133963681024e-04 1.511164596050907965e-04 1.492469149252112091e-04 1.486349474484977495e-04
3.918678033593436826e-04 3.445477657350781622e-04 3.034963458627548813e-04 2.687839953104112696e-04 2.396851927682991867e-04 2.159784778020419887e-04 1.971684077248978234e-04 1.821593371051434573e-04 1.707435998916914449e-04 1.620740983084599854e-04 1.556078570807015388e-04 1.509333761544231882e-04 1.477730985617090563e-04 1.459451223444163627e-04 1.453467606837030937e-04
3.832381148229877530e-04 3.369671620367136106e-04 2.968251382431054040e-04 2.628810073202127065e-04 2.344254848850074637e-04 2.112422768674036724e-04 1.928471717311254735e-04 1.781689160515324594e-04 1.670046216288663312e-04 1.585259688716904682e-04 1.522020133900412906e-04 1.476303584931215216e-04 1.445395825288599810e-04 1.427518016942726426e-04 1.421665964599754255e-04
3.748906880571437148e-04 3.296343022482372165e-04 2.903717610518887610e-04 2.571705963650058597e-04 2.293372267805093053e-04 2.066603492254762045e-04 1.886666067982689253e-04 1.743083318776462130e-04 1.633872511760452672e-04 1.550932047956264485e-04 1.489068831152163175e-04 1.444346935409962594e-04 1.414111482006932049e-04 1.396622495456441911e-04 1.390897709434588483e-04
3.668133388190806610e-04 3.225384994462603713e-04 2.841268252658067520e-04 2.516444688363953029e-04 2.244130406910367973e-04 2.022260610733015926e-04 1.846206677657334465e-04 1.705720078803990981e-04 1.598862674087801034e-04 1.517708545424842923e-04 1.457177155292667652e-04 1.413417755943509649e-04 1.383832878496043476e-04 1.366720148165430208e-04 1.361118515901156296e-04
3.589945334729056740e-04 3.156696370594597395e-04 2.780814425994136176e-04 2.462947731037372075e-04 2.196459417209340370e-04 1.979331316090090001e-04 1.807036309535273481e-04 1.669546637717697277e-04 1.564967266037225568e-04 1.485542295675142100e-04 1.426300121704653816e-04 1.383472434697461089e-04 1.354517330370615807e-04 1.337768826900660605e-04 1.332286411314311133e-04
3.514233477374071875e-04 3.090181327187470589e-04 2.722271937857527382e-04 2.411140715361180487e-04 2.150293129912330195e-04 1.937756107174133885e-04 1.769100738525150986e-04 1.634512969621027803e-04 1.532139449296826756e-04 1.454388877248029678e-04 1.396395109289400483e-04 1.354469650819892354e-04 1.326124395234044037e-04 1.309728597159753904e-04 1.304361627387483358e-04
3.440894284534281775e-04 3.025749047528503914e-04 2.665560991771248329e-04 2.360953145695833218e-04 2.105568826037273892e-04 1.897478582847284022e-04 1.732348562965817121e-04 1.600571652084091165e-04 1.500334822150963768e-04 1.424206178824171417e-04 1.367421712927363424e-04 1.326370231455630054e-04 1.298615732767748423e-04 1.282561599973631636e-04 1.277306462680899044e-04
3.369829581208143971e-04 2.963313411103507869e-04 2.610605914740278749e-04 2.312318166504831137e-04 2.062227022704951932e-04 1.858445250078318370e-04 1.696731029943690148e-04 1.567677705150339771e-04 1.469511268866190601e-04 1.394954256471664443e-04 1.339341606577401720e-04 1.299137019068939637e-04 1.271954974905962219e-04 1.256231923729809075e-04 1.251085154964285252e-04
3.300946219780261722e-04 2.902792705093965161e-04 2.557334904079823024e-04 2.265172339013708466e-04 2.020211274726379234e-04 1.820605345758952436e-04 1.662201873094980081e-04 1.535788441844102546e-04 1.439628819832349828e-04 1.366595201084269153e-04 1.312118416146537019e-04 1.272734748233643150e-04 1.246107605273316372e-04 1.230705485140223148e-04 1.225663762685434818e-04
3.234155774181951461e-04 2.844109356344540511e-04 2.505679792198612179e-04 2.219455433698972304e-04 1.979467990244040195e-04 1.783910671133269335e-04 1.628717161882935996e-04 1.504863329249188570e-04 1.410649521589695790e-04 1.339093015186967916e-04 1.285717601341088818e-04 1.247129931126142747e-04 1.221040847137295972e-04 1.205949918615266858e-04 1.201010054809398064e-04
3.169374255540337347e-04 2.787189682157609942e-04 2.455575827896379262e-04 2.175110237337279939e-04 1.939946259300509947e-04 1.748315437829723392e-04 1.596235161431349726e-04 1.474863859312560593e-04 1.382537315951085967e-04 1.312413498359649242e-04 1.260106345781053896e-04 1.222290751025566994e-04 1.196723559194920147e-04 1.181934473372115829e-04 1.177093408359287425e-04
3.106521847607797209e-04 2.731963658418437623e-04 2.406961472863410425e-04 2.132082373458656945e-04 1.901597694308423839e-04 1.713776124575517245e-04 1.564716202077460951e-04 1.445753428602448108e-04 1.355257927498927770e-04 1.286524140596525731e-04 1.235253454723531249e-04 1.198186963187280432e-04 1.173126138573620816e-04 1.158629917665272434e-04 1.153884713049199370e-04
3.045522660414775110e-04 2.678364703687136257e-04 2.359778212186301066e-04 2.090320135149799342e-04 1.864376281486607894e-04 1.680251343754355883e-04 1.534122557881350450e-04 1.417497226318391475e-04 1.328778758799961039e-04 1.261394022979052138e-04 1.211129259798777785e-04 1.174789802511851572e-04 1.150220430480971754e-04 1.136008449581233092e-04 1.131356282453525712e-04
2.986304500725561338e-04 2.626329478013015293e-04 2.313970377768689748e-04 2.049774329245876306e-04 1.828238242409010441e-04 1.647701717042066082e-04 1.504418333395621699e-04 1.390062129912038877e-04 1.303068792738532261e-04 1.236993725094507040e-04 1.187705530214489772e-04 1.152071897482074859e-04 1.127979643987298989e-04 1.114043613887896679e-04 1.109481771205457783e-04
2.928798657999895491e-04 2.575797695335064379e-04 2.269484983670668084e-04 2.010398131032604735e-04 1.793141904887080842e-04 1.616089759420882540e-04 1.475569358059495987e-04 1.363416607733128306e-04 1.278098501420786104e-04 1.213295238681550900e-04 1.164955389931087869e-04 1.130007189886259830e-04 1.106378273469822156e-04 1.092710224473430477e-04 1.088236097761347622e-04
2.872939704674862000e-04 2.526711948430013731e-04 2.226271572456051085e-04 1.972146948655966478e-04 1.759047582473198599e-04 1.585379770933267570e-04 1.447543087635999506e-04 1.337530628165215342e-04 1.253839761149204348e-04 1.190271887028469382e-04 1.142853240353316829e-04 1.108570859887251863e-04 1.085392025287339760e-04 1.071984291949107848e-04 1.067595372307264838e-04
2.818665309682532802e-04 2.479017545457802107e-04 2.184282071714323020e-04 1.934978296505091759e-04 1.725917461933329684e-04 1.555537735590398554e-04 1.420308512160329021e-04 1.312375574761279271e-04 1.230265773009389164e-04 1.167898249690156224e-04 1.121374688122131176e-04 1.087739256034078679e-04 1.064997749291102453e-04 1.051842956026785396e-04 1.047536829420057410e-04
2.765916064210314682e-04 2.432662357234602400e-04 2.143470659994372923e-04 1.898851676895919102e-04 1.693715498092060044e-04 1.526531226899815368e-04 1.393836069912238076e-04 1.287924166930484433e-04 1.207350988649571436e-04 1.146150092126320402e-04 1.100496477625752170e-04 1.067489829846971411e-04 1.045173374810563272e-04 1.032264422314377122e-04 1.028038765127791581e-04
2.714635318794035839e-04 2.387596674436136246e-04 2.103793641450868728e-04 1.863728469439315696e-04 1.662407315502955815e-04 1.498329319521328408e-04 1.368097566965964930e-04 1.264150385764861641e-04 1.185071040868232895e-04 1.125004299896549764e-04 1.080196427880588880e-04 1.047801074637258348e-04 1.025897850782904664e-04 1.013227903202400276e-04 1.009080478044024486e-04
2.664769030909137112e-04 2.343773074000136698e-04 2.065209328562009176e-04 1.829571827528374435e-04 1.631960116442466300e-04 1.470902506600912376e-04 1.343066101908078186e-04 1.241029404628562040e-04 1.163402678657048919e-04 1.104438817077947605e-04 1.060453373461500432e-04 1.028652468251597967e-04 1.007151089722450871e-04 9.947135625416395608e-05 9.906422142772268685e-05
2.616265622293872245e-04 2.301146294056807178e-04 2.027677932330041756e-04 1.796346581425998211e-04 1.602342594766721748e-04 1.444222622369215839e-04 1.318715995347178086e-04 1.218537524163312125e-04 1.142323706375170426e-04 1.084432588598393035e-04 1.041247109187121584e-04 1.010024419455389820e-04 9.889139152510084555e-05 9.767024638364890752e-05 9.727051158410877040e-05
2.569075845300772395e-04 2.259673116770689058e-04 1.991161459423745005e-04 1.764019147476007397e-04 1.573524855208000310e-04 1.418262769624819544e-04 1.295022723869918219e-04 1.196652111391714138e-04 1.121812926757188947e-04 1.064965506203361149e-04 1.022558338289807859e-04 9.918982176932908661e-05 9.711680129327319891e-05 9.591765217008618792e-05 9.552511723136546161e-05
2.523152657629276416e-04 2.219312258527100150e-04 1.955623615765693401e-04 1.732557442999438423e-04 1.545478337721672166e-04 1.392997251753015989e-04 1.271962858125566661e-04 1.175351542625673523e-04 1.101850087480982774e-04 1.046018357796896616e-04 1.004368623821474081e-04 9.742559859858519267e-05 9.538958841777045905e-05 9.421184563438740741e-05 9.382631755135042821e-05
2.478451104844244077e-04 2.180024266941531187e-04 1.921029716106852027e-04 1.701930806472682571e-04 1.518175746525557109e-04 1.368401508958661124e-04 1.249514004746693399e-04 1.154615149910551966e-04 1.082415831043532638e-04 1.027572779918003071e-04 9.866603430664269811e-05 9.570806367404432135e-05 9.370808029972158872e-05 9.255117508710325154e-05 9.217246769795711561e-05
2.434928210132126754e-04 2.141771424211760550e-04 1.887346599167138300e-04 1.672109922616022500e-04 1.491590983501847665e-04 1.344452058417101772e-04 1.227654751836641128e-04 1.134423170756897084e-04 1.063491647712592396e-04 1.009611213132531013e-04 9.694166447503229451e-05 9.403558302721414354e-05 9.207067754108065854e-05 9.093406112035654521e-05 9.056199480581249024e-05
2.392542870789683685e-04 2.104517656370087164e-04 1.854542547953852471e-04 1.643066752050277894e-04 1.465699085657703744e-04 1.321126438070365839e-04 1.206364617775564346e-04 1.114756700931058533e-04 1.045059831340338621e-04 9.921168601378742551e-05 9.526214088508907368e-05 9.240659358462343926e-05 9.047585013208203056e-05 8.935899284339597843e-05 8.899339424157062968e-05
2.351255760979357231e-04 2.068228448027567004e-04 1.822587214899881443e-04 1.614774465205863604e-04 1.440476166364185878e-04 1.298403153816973918e-04 1.185624003116043614e-04 1.095597650093718759e-04 1.027103437841668217e-04 9.750736463934870420e-05 9.362592088311409331e-05 9.081959950686216182e-05 8.892213386844486668e-05 8.782452434498857574e-05 8.746522608109267975e-05
2.311029240321481716e-04 2.032870762233609499e-04 1.791451551491302714e-04 1.587207380192911859e-04 1.415899360114792780e-04 1.276261629863144277e-04 1.165414145356967246e-04 1.076928700091616081e-04 1.009606246155028567e-04 9.584661831046290556e-05 9.203152761295452006e-05 8.927316874636957668e-05 8.740812698263554818e-05 8.632927136715778222e-05 8.597611179708442583e-05
2.271827267926304812e-04 1.998412965103080598e-04 1.761107742079279844e-04 1.560340904363404001e-04 1.391946770564685435e-04 1.254682162020850965e-04 1.145717076400453273e-04 1.058733265722595581e-04 9.925527215175093470e-05 9.422797323998936304e-05 9.047754667543085670e-05 8.776592980915752214e-05 8.593248697469126074e-05 8.487190817595371864e-05 8.452473114293995282e-05
2.233615321498931528e-04 1.964824754889506696e-04 1.731529141594199137e-04 1.534151479316590090e-04 1.368597421629704554e-04 1.233645873754482948e-04 1.126515582511378242e-04 1.040995457807712248e-04 9.759279808986991752e-05 9.265001745551397884e-05 8.896262298403810175e-05 8.629656870677035821e-05 8.449392762920277314e-05 8.345116461602668603e-05 8.310981921961593821e-05
2.196360321177956692e-04 1.932077095207086878e-04 1.702690216901312371e-04 1.508616529117718936e-04 1.345831211440953745e-04 1.213134674792707974e-04 1.107793166612615343e-04 1.023700048416595007e-04 9.597177604494346915e-05 9.111139771274700172e-05 8.748545780385047260e-05 8.486382608581232172e-05 8.309121620605958755e-05 8.206582333676338539e-05 8.173016371335018685e-05
2.160030557793779548e-04 1.900142152126399052e-04 1.674566491556504755e-04 1.483714411517236104e-04 1.323628868965867611e-04 1.193131222135801722e-04 1.089534012761513438e-04 1.006832438103734726e-04 9.439083848322742587e-05 8.961081658730870821e-05 8.604480596152426324e-05 8.346649452331540806e-05 8.172317079348264519e-05 8.071471717865671242e-05 8.038460229294064081e-05
2.124595625255911238e-04 1.868993234889124698e-04 1.647134493738691501e-04 1.459424371973306450e-04 1.301971913120715996e-04 1.173618883301251069e-04 1.071722952664532923e-04 9.903786250238232080e-05 9.284867383103815686e-05 8.814702973321058514e-05 8.463947321519039513e-05 8.210341597708185099e-05 8.038865781271294151e-05 7.939672670941354878e-05 7.907202015613510704e-05
2.090026356799846866e-04 1.838604740005671408e-04 1.620371707151770687e-04 1.435726500295020542e-04 1.280842614212274275e-04 1.154581701661943727e-04 1.054345434097448488e-04 9.743251758039667143e-05 9.134402374804703837e-05 8.671884329719785204e-05 8.326831377384763283e-05 8.077347938093367872e-05 7.908658966450564051e-05 7.811077790007413149e-05 7.779134771544560332e-05
2.056294764843757245e-04 1.808952098516873597e-04 1.594256524704047305e-04 1.412601689736878109e-04 1.260223957558200090e-04 1.136004363741832581e-04 1.037387491108143566e-04 9.586591980594227284e-05 8.987568055438184024e-05 8.532511147890801441e-05 8.193022795661792040e-05 7.947561837552954088e-05 7.781592250828905054e-05 7.685583993211966022e-05 7.654155841440285068e-05
2.023373984223220145e-04 1.780011726216681317e-04 1.568768204787013309e-04 1.390031598387399378e-04 1.240099609146532247e-04 1.117872168343718339e-04 1.020835715887880517e-04 9.433683144477111805e-05 8.844248480169422319e-05 8.396473422751469520e-05 8.062415998292197627e-05 7.820880916608173475e-05 7.657565416550932331e-05 7.563092312719566217e-05 7.532166666591174427e-05
1.991238218588890741e-04 1.751760976647336184e-04 1.543886829988008671e-04 1.367998612705947491e-04 1.220453883204651265e-04 1.100170997392749316e-04 1.004677232205090730e-04 9.284406381634223286e-05 8.704332297905827945e-05 8.263665506620226356e-05 7.934909588527126907e-05 7.697206849892492377e-05 7.536482213928429605e-05 7.443507699167547403e-05 7.413072590496639584e-05
1.959862689767215825e-04 1.724178096691892108e-04 1.519593268083141208e-04 1.346485813072206372e-04 1.201271711557311321e-04 1.082887288387469681e-04 9.888996703032463999e-05 9.138647497830036594e-05 8.567712534520979730e-05 8.133985903642192692e-05 7.810406153695658403e-05 7.576445174945735590e-05 7.418250174304851896e-05 7.326738836883760653e-05 7.296782674852944010e-05
1.929223589898467677e-04 1.697242184601301703e-04 1.495869135167587666e-04 1.325476941222280419e-04 1.182538614661776569e-04 1.066008008357909270e-04 9.734911431712757457e-05 8.996296753751553666e-05 8.434286387923468074e-05 8.007337075444952482e-05 7.688812078746310689e-05 7.458505111450179637e-05 7.302780433138581460e-05 7.212697969194084699e-05 7.183209525588550842e-05
1.899298036179331614e-04 1.670933150304701833e-04 1.472696760790465900e-04 1.304956369454263914e-04 1.164240674215936939e-04 1.049520629237174593e-04 9.584402241014009481e-05 8.857248657983694731e-05 8.303955034236547262e-05 7.883625257328593717e-05 7.570037369893385507e-05 7.343299390261686266e-05 7.189987562671925497e-05 7.101300733194615921e-05 7.072269128324649794e-05
1.870064028049251619e-04 1.645231677861967441e-04 1.450059154970604290e-04 1.284909071494165500e-04 1.146364507242505029e-04 1.033413104559504427e-04 9.437359254551586768e-05 8.721401771125797918e-05 8.176623444405034416e-05 7.762760284342213463e-05 7.453995487747098342e-05 7.230744091633883744e-05 7.079789413596636446e-05 6.992466003406898865e-05 6.963880692681486317e-05
1.841500406670893287e-04 1.620119189927408108e-04 1.427939976978126577e-04 1.265320594920627255e-04 1.128897241559041829e-04 1.017673847403748164e-04 9.293676785637916711e-05 8.588658520368780609e-05 8.052200210593104287e-05 7.644655426643638370e-05 7.340603189348898392e-05 7.120758492074403991e-05 6.972106965167276771e-05 6.886115743774323867e-05 6.857966504891075299e-05
1.813586816565201367e-04 1.595577814102353226e-04 1.406323505774558641e-04 1.246177035053837388e-04 1.111826492549732368e-04 1.002291709506732598e-04 9.153253146942927419e-05 8.458925023899498434e-05 7.930597381780010767e-05 7.529227233580111027e-05 7.229780378572592812e-05 7.013264919310794763e-05 6.866864183250928730e-05 6.782174867494846599e-05 6.754451788213416540e-05
1.786303669271110527e-04 1.571590351062704882e-04 1.385194612011516843e-04 1.227465010220381953e-04 1.095140341160517081e-04 9.872559614761086428e-05 9.015990470169413641e-05 8.332110924540961795e-05 7.811730308000587348e-05 7.416395385965884901e-05 7.121449964388864033e-05 6.908188614878687519e-05 6.763987885836578303e-05 6.680571104219286578e-05 6.653264570687447699e-05
1.759632108908638090e-04 1.548140244355239697e-04 1.364538731494677160e-04 1.209171638311768500e-04 1.078827313044484706e-04 9.725562740370019023e-05 8.881794535145732616e-05 8.208129232077440046e-05 7.695517492714783767e-05 7.306082556067602268e-05 7.015537726523829074e-05 6.805457603877731565e-05 6.663407615559155720e-05 6.581234874175837120e-05 6.554335559779429895e-05
1.733553979532224411e-04 1.525211551763447815e-04 1.344341840026055859e-04 1.191284514559855120e-04 1.062876358789254769e-04 9.581827002511639885e-05 8.750574607777627004e-05 8.086896173749694476e-05 7.581880452824931674e-05 7.198214274841254010e-05 6.911972188074200479e-05 6.705002571470987881e-05 6.565055518823285365e-05 6.484099168811085720e-05 6.457598023520445948e-05
1.708051794168687337e-04 1.502788918150386739e-04 1.324590429543292213e-04 1.173791690457437275e-04 1.047276835162664428e-04 9.441256586513937653e-05 8.622243286337760390e-05 7.968331052440106286e-05 7.470743585890821169e-05 7.092718805994225977e-05 6.810684494669967215e-05 6.606756745731532494e-05 6.468866231138728094e-05 6.389099437564502995e-05 6.362987677751889783e-05
1.683108705441085538e-04 1.480857549692022289e-04 1.305271485480057568e-04 1.156681653757053491e-04 1.032018487317215441e-04 9.303759172377407528e-05 8.496716355606314438e-05 7.852356112098478021e-05 7.362034044122743104e-05 6.989527026474419923e-05 6.711608299802854726e-05 6.510655786466026539e-05 6.374776768305403260e-05 6.296173480418784251e-05 6.270442579122594159e-05
1.658708477686317805e-04 1.459403189420250277e-04 1.286372465276642988e-04 1.139943309485381393e-04 1.017091431897644869e-04 9.169245782855156156e-05 8.373912648407293635e-05 7.738896409989099736e-05 7.255681614759674472e-05 6.888572313014092001e-05 6.614679655963289699e-05 6.416637679669139104e-05 6.282726423109208456e-05 6.205261345891583552e-05 6.179903023504699209e-05
1.634835460480143338e-04 1.438412093999997751e-04 1.267881277974354146e-04 1.123565961914666444e-04 1.002486140999567379e-04 9.037630639183478554e-05 8.253753914114770056e-05 7.627879695366434742e-05 7.151618606465359100e-05 6.789790434380038370e-05 6.519836911251932572e-05 6.324642637285080070e-05 6.192656667211747707e-05 6.116305234155788341e-05 6.091311449516639728e-05
1.611474563488958674e-04 1.417871011669681299e-04 1.249786264831657002e-04 1.107539297436415743e-04 9.881934269305416767e-05 8.908831024025405773e-05 8.136164693730934226e-05 7.519236294212193450e-05 7.049779741398456078e-05 6.693119449004575902e-05 6.427020611153259216e-05 6.234613001973295186e-05 6.104511057937693616e-05 6.029249404995717931e-05 6.004612346861901688e-05
1.588611232572808966e-04 1.397767161278812092e-04 1.232076180903955850e-04 1.091853368286053235e-04 9.742044277279065319e-05 8.782767151217801436e-05 8.021072201162628731e-05 7.412898999689943307e-05 6.950102052635161198e-05 6.598499607691940246e-05 6.336173405178512769e-05 6.146493156594656782e-05 6.018235149682021694e-05 5.944040090325131099e-05 5.919752169210496412e-05
1.566231427068854741e-04 1.378088212360774117e-04 1.214740177532576003e-04 1.076498577070526109e-04 9.605105933907712840e-05 8.659362041938462506e-05 7.908406210347517114e-05 7.308802967995120731e-05 6.852524786642692637e-05 6.505873261114558973e-05 6.247239958103973192e-05 6.060229438152561255e-05 5.933776409677209238e-05 5.860625411010294894e-05 5.836679251367611377e-05
1.544321598189030674e-04 1.358822266182631473e-04 1.197767785691951847e-04 1.061465662053839393e-04 9.471036727861165063e-05 8.538541406933595785e-05 7.798098947902106632e-05 7.206885619298730576e-05 6.756989310521294308e-05 6.415184771831300252e-05 6.160166865547623877e-05 5.975770055939787727e-05 5.851084137876756827e-05 5.778955297757551885e-05 5.755343730489811331e-05
1.522868668469741504e-04 1.339957837717547801e-04 1.181148900147226344e-04 1.046745683158320381e-04 9.339757011914910211e-05 8.420233534468804450e-05 7.690084990985043671e-05 7.107086543501647910e-05 6.663439023749867312e-05 6.326380430576655431e-05 6.074902573643392307e-05 5.893065013657808402e-05 5.770109390726491436e-05 5.698981415839888068e-05 5.675697471124176266e-05
1.501860012215304875e-04 1.321483838488689050e-04 1.164873764377403792e-04 1.032330008642052112e-04 9.211189884391584161e-05 8.304369183687639999e-05 7.584301170087599819e-05 7.009347410534141974e-05 6.571819274186894337e-05 6.239408376585278747e-05 5.991397302587054321e-05 5.812066035289448294e-05 5.690804908609385041e-05 5.620657093450734360e-05 5.597693993859642554e-05
1.481283436880442535e-04 1.303389560236706810e-04 1.148932956221966433e-04 1.018210302415327207e-04 9.085261076286549797e-05 8.190881483080718665e-05 7.480686476481298219e-05 6.913611884951520058e-05 6.482077278093369230e-05 6.154218521730965758e-05 5.909602973841776065e-05 5.732726494519509137e-05 5.613125046762800369e-05 5.543937253486621181e-05 5.521288407392838929e-05
1.461127165340457741e-04 1.285664659365763922e-04 1.133317374211482092e-04 1.004378511961240706e-04 8.961898843767782520e-05 8.079705833787265157e-05 7.379181974069047383e-05 6.819825544591976070e-05 6.394162043959010207e-05 6.070762478272371252e-05 5.829473140804175178e-05 5.655001347510227213e-05 5.537025709479278168e-05 5.468778348572007479e-05 5.446437343822652143e-05
1.441379819000837754e-04 1.268299142125834994e-04 1.118018224545054291e-04 9.908268568277004145e-05 8.841033865758815373e-05 7.970779817467303098e-05 7.279730715401468036e-05 6.727935803076974921e-05 6.308024299926059161e-05 5.988993490010732394e-05 5.750962922744023368e-05 5.578847068850443689e-05 5.462464287413468152e-05 5.395138299151361756e-05 5.373098896999231383e-05
1.422030401700972091e-04 1.251283350491549907e-04 1.103027008679751764e-04 9.775478176600330485e-05 8.722599146331333757e-05 7.864043108498654754e-05 7.182277661634532033e-05 6.637891835947782660e-05 6.223616424617441913e-05 5.908866366676192127e-05 5.674028941841692813e-05 5.504221590508124744e-05 5.389399597828569891e-05 5.322976434483741751e-05 5.301232563763430945e-05
1.403068284369278712e-04 1.234607948700194554e-04 1.088335511499225416e-04 9.645341257452787914e-05 8.606529921649916294e-05 7.759437390267720101e-05 7.086769606218041239e-05 6.549644510243872301e-05 6.140892381187658432e-05 5.830337421370643670e-05 5.598629263158296247e-05 5.431084243625956598e-05 5.317791827625462591e-05 5.252253436385155788e-05 5.230799187922596924e-05
1.384483190389659271e-04 1.218263910413722791e-04 1.073935790030650366e-04 9.517787530409309565e-05 8.492763571227124428e-05 7.656906275336419624e-05 6.993155102116831460e-05 6.463146317340765282e-05 6.059807654425477196e-05 5.753364410904981469e-05 5.524723337382937065e-05 5.359395703009526819e-05 5.247602479007165124e-05 5.182931285573194320e-05 5.161760906817809854e-05
1.366265181641474022e-04 1.202242506471689877e-04 1.059820162680952992e-04 9.392749026624915801e-05 8.381239533261124132e-05 7.556395229280786399e-05 6.901384392378439572e-05 6.378351308875383915e-05 5.980319190747606539e-05 5.677906478878328572e-05 5.452271946210951486e-05 5.289117934166224735e-05 5.178794317639844351e-05 5.114973210476834320e-05 5.094081100346001641e-05
1.348404645177438534e-04 1.186535293203902844e-04 1.045981198964969500e-04 9.270159998057012833e-05 8.271899223841201580e-05 7.457851498008474290e-05 6.811409343871649999e-05 6.295215035597108487e-05 5.902385340931949728e-05 5.603924101355593822e-05 5.381237150215334615e-05 5.220214142761352285e-05 5.111331323179713857e-05 5.048343638382503520e-05 5.027724342308698520e-05
1.330892280505862268e-04 1.171134101273416897e-04 1.032411709699748411e-04 9.149956830807262501e-05 8.164685959819364806e-05 7.361224038373591935e-05 6.723183384030606829e-05 6.213694488992158472e-05 5.825965805447753286e-05 5.531379035008246930e-05 5.311582239081611356e-05 5.152648726365770715e-05 5.045178642042842735e-05 4.983008148794908801e-05 4.962656353966246039e-05
1.313719087445584983e-04 1.156031025022136372e-04 1.019104737640672887e-04 9.032077962368128936e-05 8.059544885157156205e-05 7.266463451917756441e-05 6.636661440448713388e-05 6.133748045537546184e-05 5.751021582248172243e-05 5.460234267590696787e-05 5.243271684084009360e-05 5.086387228376512031e-05 4.980302542301811918e-05 4.918933428898057702e-05 4.898843959683546093e-05
1.296876354523647935e-04 1.141218412292855722e-04 1.006053548536470801e-04 8.916463802572166726e-05 7.956422900568091341e-05 7.173521921575822034e-05 6.551799883175218799e-05 6.055335413449135890e-05 5.677514916898571433e-05 5.390453970632197602e-05 5.176271092687449542e-05 5.021396293998659367e-05 4.916670370599901345e-05 4.856087231008570542e-05 4.836255044559815497e-05
1.280355647887443133e-04 1.126688854702976157e-04 9.932516225814149509e-05 8.803056658052465296e-05 7.855268596286012531e-05 7.082353151193954599e-05 6.468556469575846449e-05 5.978417581795921311e-05 5.605409254920702249e-05 5.322003454230764881e-05 5.110547165166792982e-05 4.957643628182937655e-05 4.854250510979623093e-05 4.794438331919317323e-05 4.774858513940799385e-05
1.264148800704528600e-04 1.112435178346510056e-04 9.806926462442003192e-05 8.691800660033969714e-05 7.756032187798767908e-05 6.992912307716033480e-05 6.386890291626317923e-05 5.902956771859777294e-05 5.534669196239972090e-05 5.254849123842031541e-05 5.046067653140353840e-05 4.895097955419688813e-05 4.793012345528234366e-05 4.733956494037331979e-05 4.714624254717837205e-05
1.248247903024731452e-04 1.098450434902176827e-04 9.683705044541125696e-05 8.582641695284471556e-05 7.658665454395785423e-05 6.905155965902260308e-05 6.306761725515017505e-05 5.828916390626437866e-05 5.465260451628953605e-05 5.188958438961895531e-05 4.982801319920947779e-05 4.833728981294892972e-05 4.732926216748063682e-05 4.674612428224965551e-05 4.655523098323146073e-05
1.232645292080393061e-04 1.084727893126551541e-04 9.562792731260461769e-05 8.475527340063342889e-05 7.563121680385623453e-05 6.819042055451068635e-05 6.228132383437500114e-05 5.756260986299898438e-05 5.397149801046055643e-05 5.124299873607226645e-05 4.920717902592455599e-05 4.773507355719571740e-05 4.673963391564832750e-05 4.616377758258632410e-05 4.597526785335892454e-05
1.217333543001784915e-04 1.071261030712227576e-04 9.444132120069139629e-05 8.370406796914377852e-05 7.469355598847448251e-05 6.734529810402242387e-05 6.150965067471856978e-05 5.684956205737813520e-05 5.330305053773953523e-05 5.060842878503999303e-05 4.859788075725219447e-05 4.714404637748299132e-05 4.616096026891516418e-05 4.559224986823568729e-05 4.540607931618077846e-05
1.202305459925746850e-04 1.058043526491959561e-04 9.327667578267835786e-05 8.267230834156386737e-05 7.377323337786951976e-05 6.651579720705364928e-05 6.075223725429563382e-05 5.614968753711145898e-05 5.264695010267040427e-05 4.998557844897214247e-05 4.799983416647952863e-05 4.656393261907125210e-05 4.559297136669789252e-05 4.503127462967911510e-05 4.484739995903588774e-05
1.187554067476512639e-04 1.045069252970462237e-04 9.213345177388717385e-05 8.165951727932488228e-05 7.286982368573583879e-05 6.570153485843301534e-05 6.000873408581830173e-05 5.546266353895779326e-05 5.200289425621842704e-05 4.937416069900934840e-05 4.741276372198078399e-05 4.599446505955346936e-05 4.503540560315162915e-05 4.448059350942899581e-05 4.429897248767707872e-05
1.173072602598473853e-04 1.032332269166411092e-04 9.101112630331520501e-05 8.066523206684667025e-05 7.198291456541484467e-05 6.490213970405708907e-05 5.927880231166054623e-05 5.478817711508712762e-05 5.137058974588783059e-05 4.877389723311158757e-05 4.683640226876392330e-05 4.543538460009213136e-05 4.448800932495423205e-05 4.393995600359889637e-05 4.376054742908065079e-05
1.158854506721229986e-04 1.019826813747676708e-04 8.990919231089567886e-05 7.968900397926063526e-05 7.111210613641661055e-05 6.411725161512106866e-05 5.856211331581463026e-05 5.412592477505140495e-05 5.074975218047120658e-05 4.818451815807770855e-05 4.627049072335361057e-05 4.488643996959290004e-05 4.395053654175659174e-05 4.340911917598301031e-05 4.323188284671268679e-05
1.144893418237780987e-04 1.007547298443377075e-04 8.882715796923743099e-05 7.873039777187416824e-05 7.025701053036901829e-05 6.334652127988121210e-05 5.785834835186705365e-05 5.347561214256530755e-05 5.014010570868727106e-05 4.760576168475074256e-05 4.571477778133694502e-05 4.434738744116149069e-05 4.342274864865992297e-05 4.288784738401357576e-05 4.271274406762659098e-05
1.131183165276972516e-04 9.954883017166226539e-05 8.776454612846305869e-05 7.778899119018209060e-05 6.941725145534914025e-05 6.258960981201840688e-05 5.716719818615549197e-05 5.283695362632876916e-05 4.954138271099081328e-05 4.703737383573436539e-05 4.516901963692537369e-05 4.381799056021937059e-05 4.290441416010961040e-05 4.237591201599585954e-05 4.220290342079029838e-05
1.117717758751316366e-04 9.836445626819964995e-05 8.672089378278512476e-05 7.686437449925172000e-05 6.859246377757363309e-05 6.184618837470068895e-05 5.648836275529397545e-05 5.220967210414873780e-05 4.895332350386535556e-05 4.647910816496962974e-05 4.463297971391201629e-05 4.329801988367786578e-05 4.239530845461926496e-05 4.187309123904052363e-05 4.170213998606909085e-05
1.104491385661111533e-04 9.720109752517315169e-05 8.569575155746365469e-05 7.595615003132238344e-05 6.778229311944471429e-05 6.111593781945998853e-05 5.582155083727320075e-05 5.159349861963960146e-05 4.837567605592994399e-05 4.593072548854206704e-05 4.410642840742243936e-05 4.278725272958854752e-05 4.189521352975749248e-05 4.137916975713443391e-05 4.121023935330568285e-05
1.091498402635126944e-04 9.605825824942203109e-05 8.468868321477354666e-05 7.506393175045483626e-05 6.698639547295052858e-05 6.039854833900676909e-05 5.516647973535602080e-05 5.098817209079162954e-05 4.780819571520349772e-05 4.539199362610337238e-05 4.358914283587204881e-05 4.228547293670562539e-05 4.140391776684479718e-05 4.089393857880634645e-05 4.072699339095725124e-05
1.078733329687045446e-04 9.493545711877394316e-05 8.369926517756659079e-05 7.418734483304376516e-05 6.620443682740652749e-05 5.969371913310392221e-05 5.452287497398644351e-05 5.039343902970435892e-05 4.725064494687858044e-05 4.486268715229923886e-05 4.308090660255289178e-05 4.179247063340227434e-05 4.092121570481915610e-05 4.041719479385252591e-05 4.025220002375669981e-05
1.066190844165151635e-04 9.383222665512040478e-05 8.272708606893601816e-05 7.332602526295296645e-05 6.543609281049366704e-05 5.900115808659896660e-05 5.389047000592113272e-05 4.980905327277370152e-05 4.670279308095267722e-05 4.434258715759554413e-05 4.258150956627120199e-05 4.130804201538570953e-05 4.044690782272917975e-05 3.994874135859046110e-05 3.978566301887005740e-05
1.053865774870152086e-04 9.274811271318424534e-05 8.177174626636707529e-05 7.247961943994967349e-05 6.468104834148814711e-05 5.832058145867493422e-05 5.326900592976174863e-05 4.923477572060048959e-05 4.616441606904949410e-05 4.383148101788145174e-05 4.209074762045064651e-05 4.083198913164989385e-05 3.998080033030861758e-05 3.948838688910407215e-05 3.932719178001467102e-05
1.041753096312357421e-04 9.168267398271721881e-05 8.083285746856835928e-05 7.164778379997944254e-05 6.393899729548376822e-05 5.765171358230821341e-05 5.265823121701547374e-05 4.867037408684962501e-05 4.563529624973033320e-05 4.332916217220376449e-05 4.160842248009159289e-05 4.036411967808248909e-05 3.952270496606713566e-05 3.903594546192477589e-05 3.887660114898817840e-05
1.029847923074057886e-04 9.063548150146826985e-05 7.991004227290315377e-05 7.083018444562306571e-05 6.320964217725956772e-05 5.699428657281460848e-05 5.205790144772685501e-05 4.811562265522087005e-05 4.511522212154398800e-05 4.283542990793954848e-05 4.113434147593724447e-05 3.990424679810734409e-05 3.907243880230011352e-05 3.859123642156205274e-05 3.843371121402340730e-05
1.018145504235369066e-04 8.960611817572222812e-05 7.900293376094026003e-05 7.002649678478539740e-05 6.249269380323155189e-05 5.634804004420073314e-05 5.146777905359460500e-05 4.757030204359163553e-05 4.460398812297462415e-05 4.235008915264065938e-05 4.066831735513306916e-05 3.945218888968463604e-05 3.862982405636059620e-05 3.815408419424182998e-05 3.799834712433314770e-05
1.006641217810931279e-04 8.859417830440876674e-05 7.811117508906359344e-05 6.923640517523903509e-05 6.178787098960723009e-05 5.571272083179375467e-05 5.088763306730156600e-05 4.703419897423664756e-05 4.410139441831952792e-05 4.187295027167124240e-05 4.021016808756243323e-05 3.900776941789684844e-05 3.819468790745293209e-05 3.772431810712705192e-05 3.757033891012401239e-05
9.953305651292626674e-05 8.759926710164203233e-05 7.723441908024363813e-05 6.845960257202752912e-05 6.109490024439973238e-05 5.508808271926849250e-05 5.031723887649634856e-05 4.650710604879885259e-05 4.360724668833399674e-05 4.140382887059037160e-05 3.975971667689229391e-05 3.857081673220900221e-05 3.776686231807208159e-05 3.730177221216593675e-05 3.714952130723223793e-05
9.842091650638752967e-05 8.662100021088778128e-05 7.637232781185314932e-05 6.769579017382546806e-05 6.041351546027404559e-05 5.447388616766438705e-05 4.975637798045446741e-05 4.598882152634530440e-05 4.312135592418993101e-05 4.094254560097640113e-05 3.931679097513208652e-05 3.814116388728049578e-05 3.734618385901411833e-05 3.688628511352087873e-05 3.673573358534229939e-05
9.732727479921372382e-05 8.565900320151438553e-05 7.552457219260903971e-05 6.694467706301666953e-05 5.974345760419083460e-05 5.386989804320534668e-05 4.920483774682205284e-05 4.547914910233212765e-05 4.264353822286314692e-05 4.048892596801342944e-05 3.888122349916812282e-05 3.771864846588958783e-05 3.693249353658368986e-05 3.647769979723950086e-05 3.632881937846221739e-05
9.625171493084099287e-05 8.471291103484744037e-05 7.469083151904179127e-05 6.620597983225235642e-05 5.908447439830273080e-05 5.327589133956649409e-05 4.866241116491343228e-05 4.497789768553590427e-05 4.217361458141126581e-05 4.004280013758454643e-05 3.845285124721796845e-05 3.730311240205120676e-05 3.652563662016850791e-05 3.607586346138919720e-05 3.592862651589347824e-05
9.519383022434507724e-05 8.378236748133910568e-05 7.387079299782423503e-05 6.547942218721742441e-05 5.843631998426139219e-05 5.269164488845485314e-05 4.812889659061269092e-05 4.448488116883896179e-05 4.171141068660803343e-05 3.960400273974261208e-05 3.803151551235858585e-05 3.689440180167763948e-05 3.612546246765672357e-05 3.568062734420257077e-05 3.553500685126559209e-05
9.415322296271613853e-05 8.286702446198619296e-05 7.306415121401860539e-05 6.476473451064554854e-05 5.779875455954228792e-05 5.211694304961206819e-05 4.760409747572453410e-05 4.399991818794219913e-05 4.125675669485168157e-05 3.917237266406864811e-05 3.761706168905087666e-05 3.649236675698861864e-05 3.573182434509054140e-05 3.529184654673167201e-05 3.514781608616740092e-05
9.312950340513931953e-05 8.196654127377628243e-05 7.227060751541327158e-05 6.406165336523257192e-05 5.717154396879057648e-05 5.155157536699899422e-05 4.708782207113587355e-05 4.352283185920639727e-05 4.080948699481640971e-05 3.874775284027200204e-05 3.720933906663546838e-05 3.609686114907087668e-05 3.534457923523270082e-05 3.490937984484455031e-05 3.476691358325959929e-05
9.212228855995329942e-05 8.108058363746445093e-05 7.148986926718627370e-05 6.336992090116747944e-05 5.655445922413099942e-05 5.099533617087935065e-05 4.657988308751127453e-05 4.305344948317420099e-05 4.036943994134663727e-05 3.832998999389504723e-05 3.680820060061321190e-05 3.570774243005631190e-05 3.496358762694074267e-05 3.453308948270023064e-05 3.439216216108181601e-05
9.113120058313790048e-05 8.020882247048501676e-05 7.072164890477178356e-05 6.268928411424213817e-05 5.594727591337173125e-05 5.044802409384259841e-05 4.608009728787727067e-05 4.259160219259730063e-05 3.993645754249386078e-05 3.791893436117471330e-05 3.641350264726609325e-05 3.532487137150580993e-05 3.458871327261128461e-05 3.416284093534387086e-05 3.402342785831998390e-05
9.015586459003226507e-05 7.935093222745467250e-05 6.996566266789702162e-05 6.201949386678770604e-05 5.534977342937656876e-05 4.990944144882756542e-05 4.558828497042857297e-05 4.213712451056212527e-05 3.951038507029291225e-05 3.751443933715672247e-05 3.602510463816096435e-05 3.494811175722406499e-05 3.421982289301386050e-05 3.379850262036116789e-05 3.366057964767226086e-05
8.919590552575247413e-05 7.850658854468730685e-05 6.922162881969739633e-05 6.136030352423505147e-05 5.476173390857903692e-05 4.937939338189802925e-05 4.510426927152204536e-05 4.168985376087390123e-05 3.909107054584016794e-05 3.711636101350940562e-05 3.564286865509360395e-05 3.457732998388928479e-05 3.385678579474174412e-05 3.343994552486041625e-05 3.330348906591956031e-05
8.825094348125174699e-05 7.767546473183083546e-05 6.848926501031168349e-05 6.071146695120628703e-05 5.418294068348966419e-05 4.885768664762935666e-05 4.462787516665896198e-05 4.124962922971998203e-05 3.867836401233404017e-05 3.672455752995190946e-05 3.526665883655983626e-05 3.421239450551753829e-05 3.349947333951582950e-05 3.308704268883478402e-05 3.295202970184064276e-05
8.732058635221521929e-05 7.685722628615019062e-05 6.776828416870665144e-05 6.007273540276636268e-05 5.361317589471711615e-05 4.834412773037815762e-05 4.415892794694998593e-05 4.081629089460150797e-05 3.827211643865265371e-05 3.633888810051273693e-05 3.489634049001247263e-05 3.385317500499502918e-05 3.314775815442914936e-05 3.273966843730089817e-05 3.260607643543825273e-05
8.640441776527360920e-05 7.605152187138462881e-05 6.705838775409006091e-05 5.944385242770431011e-05 5.305221658678500543e-05 4.783851978294483334e-05 4.369725074552269852e-05 4.038967736822400020e-05 3.787217795181489045e-05 3.595921144852081471e-05 3.453177866870641658e-05 3.349954106862805834e-05 3.280151287026850478e-05 3.239769715467309674e-05 3.226550422398223237e-05
8.550197615617835729e-05 7.525796765486980784e-05 6.635925402618591607e-05 5.882454500818121553e-05 5.249982792486249057e-05 4.734065731405093095e-05 4.324266025179342095e-05 3.996962234254590858e-05 3.747839478560680275e-05 3.558538310937835381e-05 3.417283572249723862e-05 3.315135990774899764e-05 3.246060795459223142e-05 3.206100118085308733e-05 3.193018601849238573e-05
8.461271632964204243e-05 7.447611840927242802e-05 6.567051633412157650e-05 5.821450712265961583e-05 5.195575059315200395e-05 4.685031631220005908e-05 4.279495874308305599e-05 3.955594797879547527e-05 3.709060361106891621e-05 3.521725042172061027e-05 3.381936675197558663e-05 3.280849213181148694e-05 3.212490769303386729e-05 3.172944691024542435e-05 3.159998890085285441e-05
8.373593389460125638e-05 7.370541030835319797e-05 6.499171989136200503e-05 5.761336687173980057e-05 5.141967550326473059e-05 4.636723437338547766e-05 4.235391802259604423e-05 3.914845156756812007e-05 3.670862008600971521e-05 3.485464240666726532e-05 3.347121042079137179e-05 3.247078320415104852e-05 3.179426206535193686e-05 3.140288690551546179e-05 3.127476627452205799e-05
8.287060445504420203e-05 7.294503782798560381e-05 6.432222787835341967e-05 5.702061451256999319e-05 5.089118808163508261e-05 4.589106671279765819e-05 4.191924373411743234e-05 3.874687580814005212e-05 3.633221329208047361e-05 3.449734714031222856e-05 3.312816839272290746e-05 3.213804430516965023e-05 3.146848854123652904e-05 3.108114222126069068e-05 3.095434035914792478e-05
8.201500824956095320e-05 7.219366105547151650e-05 6.366099463735501939e-05 5.643542634191559248e-05 5.036963045839417508e-05 4.542127642264698345e-05 4.149048574319263468e-05 3.835083378237738664e-05 3.596104095560731046e-05 3.414505424843786722e-05 3.278995296308115511e-05 3.181000352237182228e-05 3.114732560231841434e-05 3.076395724763040189e-05 3.063845746244722311e-05
8.116576347125272991e-05 7.144862623152725743e-05 6.300594407578369186e-05 5.585617032332211205e-05 4.985370690210253326e-05 4.495681525213230344e-05 4.106677420278764302e-05 3.795958583113735811e-05 3.559445538048982541e-05 3.379718167880741678e-05 3.245602866042782023e-05 3.148615778309049026e-05 3.083029147115781189e-05 3.045086230048308422e-05 3.032665182304347475e-05
8.031521236016849147e-05 7.070370156973388419e-05 6.235204990169627547e-05 5.527879899993902105e-05 4.934014553565381896e-05 4.449500314461193770e-05 4.064586784495526994e-05 3.757121765291060407e-05 3.523077696589024609e-05 3.345221929111781410e-05 3.212500658293860933e-05 3.116520299765791248e-05 3.051613802041075783e-05 3.014064110902541844e-05 3.001771751541328927e-05
7.944700382013454359e-05 6.994418266978604231e-05 6.168631019725426799e-05 5.469195061667404383e-05 4.881908228020042235e-05 4.402726085079176947e-05 4.022023464353361837e-05 3.717903791265025069e-05 3.486395534116792423e-05 3.310460116783132251e-05 3.179167961681401202e-05 3.084218954554566853e-05 3.020008861629408742e-05 2.982861664784857041e-05 2.970701004237739313e-05
