2.074806179198022349e+00 2.122790384025836641e+00 2.171884521937773371e+00 2.219591944826146079e+00 2.264748890704073148e+00 2.307286049010472517e+00 2.346382479992986436e+00 2.381194045340212284e+00 2.411274727142955765e+00 2.436489442828132734e+00 2.457004589409013562e+00 2.473104768220769412e+00 2.484866545081441558e+00 2.492121482677201350e+00 2.494587259180948369e+00
1.790060253314715633e+00 1.802545896282923943e+00 1.812284594346365907e+00 1.819971348919099619e+00 1.826111914466648889e+00 1.830671195023244602e+00 1.834029087907569799e+00 1.836635130859018972e+00 1.838786363551205616e+00 1.840611909069823415e+00 1.842098104770234723e+00 1.843160248703827886e+00 1.843778939442833220e+00 1.844048820119288612e+00 1.844113555625635392e+00
1.588122440762327336e+00 1.588163147313404577e+00 1.585630591605805551e+00 1.581991509167681276e+00 1.577978221153130134e+00 1.573521189920542129e+00 1.569067858156505180e+00 1.565068214993737383e+00 1.561739133284408609e+00 1.559105462239700479e+00 1.557049854005549738e+00 1.555405865919238240e+00 1.554110040335141552e+00 1.553235975713902928e+00 1.552920033865821559e+00
1.459245335292244317e+00 1.454771503684205713e+00 1.448243158718513834e+00 1.441205100155433128e+00 1.434351426489234305e+00 1.427601664792459424e+00 1.421330824203771215e+00 1.415884510229089788e+00 1.411391399409123615e+00 1.407819158535376092e+00 1.405025885190177570e+00 1.402841045298756306e+00 1.401192442093170065e+00 1.400128389564591291e+00 1.399754234709332135e+00
1.372919675502051406e+00 1.366662332865831386e+00 1.358792903439879352e+00 1.350769938424141614e+00 1.343206605089602101e+00 1.336013456854262316e+00 1.329490130405288406e+00 1.323896557303158694e+00 1.319304457624914662e+00 1.315654425628910884e+00 1.312803010087793654e+00 1.310590447884473209e+00 1.308945321428968800e+00 1.307899650199267461e+00 1.307535579252924629e+00
1.311795613262181526e+00 1.304844433735601106e+00 1.296625872669425528e+00 1.288477399563392023e+00 1.280931563681914298e+00 1.273890856357412726e+00 1.267593461863105064e+00 1.262236305805590542e+00 1.257854528427686081e+00 1.254375661120032071e+00 1.251661547863326840e+00 1.249565365179465593e+00 1.248019137863745520e+00 1.247044394910170384e+00 1.246706831666572146e+00
1.266490918154123513e+00 1.259335599503356162e+00 1.251180736512501390e+00 1.243242764271417444e+00 1.235982656518748168e+00 1.229296108218201011e+00 1.223372971180772151e+00 1.218363739371439047e+00 1.214279287311825550e+00 1.211041049299284689e+00 1.208518167311354752e+00 1.206576088605278985e+00 1.205150945608227442e+00 1.204257269964919441e+00 1.203948840085868666e+00
1.231677218652450057e+00 1.224555964436074396e+00 1.216645610602904215e+00 1.209051178575700769e+00 1.202172037237873470e+00 1.195898495597808031e+00 1.190382393577216869e+00 1.185739420030603286e+00 1.181963933044768211e+00 1.178975036472459603e+00 1.176649555861862817e+00 1.174863965587236381e+00 1.173558525153057808e+00 1.172742955255424047e+00 1.172462157095990332e+00
1.204148780016423892e+00 1.197182392499633874e+00 1.189594226304502511e+00 1.182389517330175721e+00 1.175915070888726710e+00 1.170057188538307091e+00 1.164937595219731836e+00 1.160645452954027323e+00 1.157163710068301432e+00 1.154411302842675902e+00 1.152272541082387969e+00 1.150633675812741341e+00 1.149438892266496204e+00 1.148694527732689652e+00 1.148438701805050144e+00
1.181874366916662478e+00 1.175124188806138781e+00 1.167886611921937767e+00 1.161078343854605732e+00 1.155001397917609474e+00 1.149539325076729401e+00 1.144789795909602947e+00 1.140821473465956970e+00 1.137609386272828926e+00 1.135073586391191824e+00 1.133105453572774035e+00 1.131599894158248132e+00 1.130504745972690683e+00 1.129823926935691558e+00 1.129590262019307900e+00
1.163508855010749743e+00 1.157004254933863940e+00 1.150121060346179336e+00 1.143697632788936103e+00 1.137997759882569904e+00 1.132903340230071887e+00 1.128492686911939380e+00 1.124818444074494383e+00 1.121850169699735167e+00 1.119509798219517682e+00 1.117695295387318710e+00 1.116309249017285010e+00 1.115302861604686502e+00 1.114678299877377876e+00 1.114464176754953462e+00
1.148127680306120002e+00 1.141880102112277529e+00 1.135342597891798366e+00 1.129284158535133198e+00 1.123935866983093890e+00 1.119178901304522356e+00 1.115075895062392686e+00 1.111666860681714830e+00 1.108917637235384390e+00 1.106752489299051456e+00 1.105075476167432180e+00 1.103796027990383788e+00 1.102868432258937048e+00 1.102293577147550829e+00 1.102096669438264787e+00
1.135075009523902834e+00 1.129085594317717378e+00 1.122878884968685931e+00 1.117162333801569485e+00 1.112138960611485983e+00 1.107689995982761300e+00 1.103865301503219598e+00 1.100694855065323718e+00 1.098142046123521842e+00 1.096133714044902341e+00 1.094579537270113700e+00 1.093395064892131341e+00 1.092537407271175098e+00 1.092006513857189276e+00 1.091824797034361083e+00
1.123872978095168174e+00 1.118136898492577469e+00 1.112243262973536817e+00 1.106844796884539628e+00 1.102120366066819956e+00 1.097951882891706754e+00 1.094378754656171848e+00 1.091422939509033574e+00 1.089046305156387229e+00 1.087178378529093159e+00 1.085734012187117070e+00 1.084634248463724804e+00 1.083838779313677003e+00 1.083346863100352664e+00 1.083178590178168088e+00
1.114165278830386852e+00 1.108674294987676001e+00 1.103075044766018697e+00 1.097971449413358336e+00 1.093521521754986514e+00 1.089608359233140034e+00 1.086262775812221415e+00 1.083500288273695711e+00 1.081281924418945328e+00 1.079539925241052245e+00 1.078193905880315828e+00 1.077169858408162817e+00 1.076429836488254521e+00 1.075972589886174280e+00 1.075816257274870624e+00
1.105680887049685035e+00 1.100424895303222073e+00 1.095101403077108237e+00 1.090270684507232302e+00 1.086072694801992089e+00 1.082392111804133084e+00 1.079252659960484362e+00 1.076664661577271920e+00 1.074588806657590823e+00 1.072960020479410082e+00 1.071702303309251869e+00 1.070746122790842358e+00 1.070055695030962317e+00 1.069629396949575595e+00 1.069483709897296020e+00
1.098210028230227397e+00 1.093178016711966016e+00 1.088112277992965282e+00 1.083533938620850234e+00 1.079567270542675539e+00 1.076098836321312646e+00 1.073146493029442539e+00 1.070716360711648107e+00 1.068769160965378884e+00 1.067242437409923861e+00 1.066064230916361266e+00 1.065169069274247482e+00 1.064523151020272174e+00 1.064124582017515586e+00 1.063988423164591302e+00
1.091587832753515341e+00 1.086768476742601575e+00 1.081943402206868798e+00 1.077598523654727414e+00 1.073844452525527959e+00 1.070569864649414171e+00 1.067787748053649954e+00 1.065500815141202429e+00 1.063670089689934484e+00 1.062235645195492628e+00 1.061129249548833808e+00 1.060289125261527854e+00 1.059683290935482747e+00 1.059309658204707016e+00 1.059182060277588544e+00
1.085682957437762441e+00 1.081064990221276112e+00 1.076464540704291650e+00 1.072335762683669147e+00 1.068777335390107774e+00 1.065680214018818628e+00 1.063053336859493658e+00 1.060896648677913889e+00 1.059171671985462471e+00 1.057820908486643008e+00 1.056779568089856181e+00 1.055989245373419205e+00 1.055419632637232930e+00 1.055068505585916583e+00 1.054948628221153095e+00
1.080389499011274346e+00 1.075961940050084831e+00 1.071571169196617213e+00 1.067642614386108413e+00 1.064264503625410807e+00 1.061330186550974108e+00 1.058845226980352772e+00 1.056807320146648133e+00 1.055178628111050898e+00 1.053903972290567426e+00 1.052921745741195014e+00 1.052176629199294888e+00 1.051639856694486008e+00 1.051309112426215053e+00 1.051196222720516493e+00
1.075621139763767387e+00 1.071373430813791439e+00 1.067178473990736176e+00 1.063435647219844515e+00 1.060223999947041085e+00 1.057439349972613574e+00 1.055084445384486980e+00 1.053155153230774799e+00 1.051614373835063176e+00 1.050409137344964217e+00 1.049480784826988700e+00 1.048776828973112085e+00 1.048269926477373604e+00 1.047957703984630839e+00 1.047851160254693381e+00
1.071306838112921378e+00 1.067228919401707055e+00 1.063216952170084495e+00 1.059646629986412902e+00 1.056588920421758893e+00 1.053942149905280790e+00 1.051706714810405119e+00 1.049876998077890367e+00 1.048416705137072524e+00 1.047274964329968583e+00 1.046395851056230342e+00 1.045729483226823575e+00 1.045249832666497625e+00 1.044954494454229055e+00 1.044853732697270887e+00
1.067387608388602249e+00 1.063469955587397653e+00 1.059629135932612432e+00 1.056219255583545680e+00 1.053304147853311390e+00 1.050784661733736636e+00 1.048659228537206500e+00 1.046921029121572477e+00 1.045534616727418431e+00 1.044451109744284789e+00 1.043617123578537420e+00 1.042985178504594046e+00 1.042530464235173371e+00 1.042250564181365524e+00 1.042155086780445217e+00
1.063814081539489642e+00 1.060047717143750790e+00 1.056367120148409056e+00 1.053106672897039520e+00 1.050323895439880806e+00 1.047922152287391384e+00 1.045898232894456159e+00 1.044244347970920028e+00 1.042925923007640865e+00 1.041895961935024539e+00 1.041103443260538386e+00 1.040503107603779398e+00 1.040071274501103371e+00 1.039805530908352704e+00 1.039714897192333787e+00
1.060544634337668102e+00 1.056921122501968124e+00 1.053390672748231616e+00 1.050269604028122972e+00 1.047609836280118278e+00 1.045317226072713046e+00 1.043387191957763083e+00 1.041811165806950878e+00 1.040555456012554281e+00 1.039574851944391698e+00 1.038820533975535199e+00 1.038249299294581096e+00 1.037838517383666392e+00 1.037585790334076830e+00 1.037499608666339945e+00
1.057543938248491688e+00 1.054055369141679854e+00 1.050665774011795284e+00 1.047674891507565986e+00 1.045129662513345714e+00 1.042938399508196223e+00 1.041095377906735564e+00 1.039591408957654339e+00 1.038393684246521120e+00 1.037458683311396124e+00 1.036739641247408361e+00 1.036195264056918974e+00 1.035803898595424988e+00 1.035563170868624594e+00 1.035481091995766434e+00
1.054781822079498665e+00 1.051420789850889603e+00 1.048163475563160141e+00 1.045294365480692766e+00 1.042855963643882777e+00 1.040758992645390180e+00 1.038996776700846114e+00 1.037559637579865912e+00 1.036415642626272282e+00 1.035522871294286329e+00 1.034836478932806392e+00 1.034316946715790220e+00 1.033943532824432632e+00 1.033713893767308933e+00 1.033635605207710695e+00
1.052232372009051398e+00 1.048991949130301249e+00 1.045859000508197800e+00 1.043103951832449861e+00 1.040765344830716366e+00 1.038756259226855327e+00 1.037069230153556676e+00 1.035694198816030198e+00 1.034600095179762702e+00 1.033746513408501544e+00 1.033090406043700060e+00 1.032593908257427140e+00 1.032237129342856941e+00 1.032017761188482208e+00 1.031942982480987592e+00
1.049873213151517604e+00 1.046746922998890605e+00 1.043731027442691861e+00 1.041082963730904254e+00 1.038837727571558567e+00 1.036910697643099510e+00 1.035293757207617071e+00 1.033976557501797400e+00 1.032928873835124328e+00 1.032111734836210104e+00 1.031483777451699835e+00 1.031008680725076898e+00 1.030667350070798793e+00 1.030457516294312370e+00 1.030385994960343998e+00
1.047684931349039061e+00 1.044666720274856964e+00 1.041761116075822446e+00 1.039213534213630163e+00 1.037055790432032554e+00 1.035205500595758332e+00 1.033654012448359305e+00 1.032390762707100285e+00 1.031386351809677970e+00 1.030603167411151322e+00 1.030001427338235187e+00 1.029546254192602595e+00 1.029219299202060789e+00 1.029018334575406257e+00 1.028949842674729664e+00
1.045650604289649621e+00 1.042734814007646227e+00 1.039933242943310132e+00 1.037480158248420770e+00 1.035404518316434430e+00 1.033626112122209895e+00 1.032135850718456149e+00 1.030923019189009970e+00 1.029959020872907471e+00 1.029207531618225424e+00 1.028630254966221624e+00 1.028193665504064658e+00 1.027880114169774872e+00 1.027687416237682116e+00 1.027621747419818821e+00
1.043755418598474316e+00 1.040936759414652357e+00 1.038233423445019898e+00 1.035869320505508062e+00 1.033870836599528831e+00 1.032159868451232532e+00 1.030726974487427894e+00 1.029561340594117969e+00 1.028635149487105327e+00 1.027913298751224058e+00 1.027358890030928729e+00 1.026939666130610274e+00 1.026638635377014497e+00 1.026453657125856012e+00 1.026390624096777948e+00
1.041986355082145099e+00 1.039259880299891359e+00 1.036649402118817287e+00 1.034369190780790149e+00 1.032443312146124503e+00 1.030795704853117334e+00 1.029416646298534355e+00 1.028295266889756476e+00 1.027404504444622946e+00 1.026710415964595668e+00 1.026177420421254594e+00 1.025774452053386687e+00 1.025485137661624302e+00 1.025307381192829714e+00 1.025246813530832357e+00
1.040331928406514672e+00 1.037693010094591139e+00 1.035170397259306485e+00 1.032969373219521536e+00 1.031111907453289733e+00 1.029523914840601462e+00 1.028195452785957364e+00 1.027115632649164612e+00 1.026258122743710199e+00 1.025590081058741720e+00 1.025077169310100622e+00 1.024689442655155158e+00 1.024411110527537749e+00 1.024240121579840679e+00 1.024181863846058471e+00
1.038781970555535672e+00 1.036226276771237576e+00 1.033786889123377684e+00 1.031660698628882988e+00 1.029867777283615338e+00 1.028335951195498144e+00 1.027055109853460824e+00 1.026014375892891239e+00 1.025188123502818627e+00 1.024544556879837698e+00 1.024050511520483875e+00 1.023677098620056292e+00 1.023409077182683591e+00 1.023244440374039943e+00 1.023188350472464592e+00
1.037327449735840679e+00 1.034850923230056674e+00 1.032490443325394969e+00 1.030435051529940749e+00 1.028703099512991104e+00 1.027224260636890651e+00 1.025988300929052910e+00 1.024984379494174425e+00 1.024187552002471469e+00 1.023567017490699893e+00 1.023090721378346446e+00 1.022730771096049374e+00 1.022472444671369551e+00 1.022313779353080321e+00 1.022259727102589277e+00
1.035960318156192272e+00 1.033559156543194968e+00 1.031273562819177370e+00 1.029285225392455816e+00 1.027610933701752272e+00 1.026182145719438221e+00 1.024988541967705613e+00 1.024019338898470188e+00 1.023250249672724266e+00 1.022651419986788435e+00 1.022191845971276214e+00 1.021844576075245481e+00 1.021595379083798827e+00 1.021442335717134053e+00 1.021390201604281511e+00
1.034673383466028440e+00 1.032344020812168806e+00 1.030129563238762369e+00 1.028204800868024904e+00 1.026585102262640659e+00 1.025203648903703302e+00 1.024050068214644726e+00 1.023113651235137089e+00 1.022370745160837036e+00 1.021792397138607811e+00 1.021348599031881133e+00 1.021013289240667810e+00 1.020772701113855430e+00 1.020624958094056955e+00 1.020574632180497376e+00
1.033460199685866998e+00 1.031199289453430978e+00 1.029052467431393003e+00 1.027188042895011533e+00 1.025620090150005437e+00 1.024283454781617309e+00 1.023167738771994850e+00 1.022262321919010342e+00 1.021544162624194341e+00 1.020985167044426767e+00 1.020556271660894243e+00 1.020232257519217756e+00 1.019999798223618193e+00 1.019857059088165263e+00 1.019808440050784748e+00
1.032314974279532560e+00 1.030119373551625639e+00 1.028036915841614274e+00 1.026229813370431732e+00 1.024710959810005706e+00 1.023416807247069293e+00 1.022336955809249215e+00 1.021460885628492798e+00 1.020766144174676926e+00 1.020225456751977955e+00 1.019810656874647226e+00 1.019497324346006373e+00 1.019272550435234237e+00 1.019134541403174721e+00 1.019087535688471657e+00
1.031232488659423296e+00 1.029099243566590438e+00 1.027078090051624537e+00 1.025325496726531949e+00 1.023853278768420916e+00 1.022599439031211865e+00 1.021553595879871823e+00 1.020705339161312342e+00 1.020032784008823246e+00 1.019509437410631048e+00 1.019107985560086416e+00 1.018804766240339443e+00 1.018587267363287641e+00 1.018453735160650853e+00 1.018408256237770759e+00
1.030208029922461632e+00 1.028134362190202600e+00 1.026171647292283051e+00 1.024470936255511999e+00 1.023043057733337147e+00 1.021827511516533171e+00 1.020813951294298638e+00 1.019992084150943779e+00 1.019340572234661568e+00 1.018833668987693342e+00 1.018444871889140346e+00 1.018151238759439359e+00 1.017940634564454605e+00 1.017811344497593584e+00 1.017767312196809604e+00
1.029237332016765150e+00 1.027220626553999594e+00 1.025313664142895487e+00 1.023662379426299784e+00 1.022276697485995589e+00 1.021097563134469421e+00 1.020114679884849940e+00 1.019317878006861688e+00 1.018686346781855434e+00 1.018195052954616653e+00 1.017818266613456313e+00 1.017533730262889735e+00 1.017329667646378777e+00 1.017204401890776433e+00 1.017161741816181353e+00
1.028316524860658943e+00 1.026354318311687441e+00 1.024500587959819908e+00 1.022896430756235819e+00 1.021550943148144652e+00 1.020406464961896686e+00 1.019452761804038765e+00 1.018679791743507979e+00 1.018067252079863039e+00 1.017590791643938841e+00 1.017225416953142725e+00 1.016949522211486601e+00 1.016751672866938572e+00 1.016630228943780079e+00 1.016588871950613981e+00
1.027442090194054414e+00 1.025532060380079047e+00 1.023729194832039280e+00 1.022170011055927530e+00 1.020862844666306612e+00 1.019751382380067461e+00 1.018825462242095803e+00 1.018075173603652850e+00 1.017480703426554944e+00 1.017018353213017923e+00 1.016663832026393210e+00 1.016396154955830244e+00 1.016204213185545768e+00 1.016086402602345951e+00 1.016046284330769378e+00
1.026610823150952756e+00 1.024750779331329964e+00 1.022996553069863479e+00 1.021480322071173008e+00 1.020209722556056020e+00 1.019129741858986860e+00 1.018230299145730600e+00 1.017501617575035100e+00 1.016924356160391563e+00 1.016475441339199870e+00 1.016131252953770492e+00 1.015871398155574479e+00 1.015685078912696993e+00 1.015570725947637420e+00 1.015531786405926562e+00
1.025819798711277597e+00 1.024007672599079655e+00 1.022299991401409258e+00 1.020824815712199962e+00 1.019589138113256688e+00 1.018539202091298446e+00 1.017665015178438104e+00 1.016956936054982163e+00 1.016396078902949363e+00 1.015959968922991452e+00 1.015625626921472513e+00 1.015373225119712952e+00 1.015192262252642141e+00 1.015081202865103061e+00 1.015043386056223351e+00
1.025066342328434521e+00 1.023300179799403686e+00 1.021637071188612911e+00 1.020201167195708081e+00 1.018998867432255873e+00 1.017977628830426085e+00 1.017127553291039765e+00 1.016439136043970848e+00 1.015893930263056522e+00 1.015470035198832832e+00 1.015145084609765380e+00 1.014899790479204089e+00 1.014723935154281165e+00 1.014616016006456123e+00 1.014579269592805977e+00
1.024348004142227708e+00 1.022625957580667544e+00 1.021005562086627405e+00 1.019607251535640691e+00 1.018436878679578994e+00 1.017443072894260059e+00 1.016616035375704330e+00 1.015946398351892155e+00 1.015416138495096821e+00 1.015003905753132818e+00 1.014687920491857520e+00 1.014449410701595777e+00 1.014278429983169305e+00 1.014173507559688492e+00 1.014137782561505663e+00
1.023662536279929647e+00 1.021982857509396103e+00 1.020403420662471694e+00 1.019041122909180697e+00 1.017901312160628624e+00 1.016933750882894394e+00 1.016128743562253245e+00 1.015477059384840786e+00 1.014961083686840793e+00 1.014559995031003137e+00 1.014252575589449590e+00 1.014020547037593811e+00 1.013854222607340816e+00 1.013752162421559522e+00 1.013717412945082774e+00
1.023007872825276277e+00 1.021368906576061386e+00 1.019828771564680769e+00 1.018500996499062561e+00 1.017390462790068284e+00 1.016448028230645617e+00 1.015664103785851369e+00 1.015029595149283592e+00 1.014527282120119889e+00 1.014136850980219329e+00 1.013837622337592670e+00 1.013611790555408732e+00 1.013449917555132584e+00 1.013350593432219782e+00 1.013316776424214138e+00
1.022382112099010198e+00 1.020782289968308332e+00 1.019279890898483476e+00 1.017985232474980073e+00 1.016902764637044765e+00 1.015984404271773611e+00 1.015220671313184608e+00 1.014602607167391035e+00 1.014113372503689492e+00 1.013733141536227622e+00 1.013441751266202395e+00 1.013221848972955419e+00 1.013064234957093079e+00 1.012967528385329219e+00 1.012934603411011381e+00
1.021783500947765821e+00 1.020221335812051544e+00 1.018755191513226244e+00 1.017492321828050716e+00 1.016436777266541247e+00 1.015541499048399299e+00 1.014797117962248363e+00 1.014194810044426687e+00 1.013718103823974870e+00 1.013347642697745910e+00 1.013063759250807827e+00 1.012849535042840809e+00 1.012695999028650595e+00 1.012601798571416412e+00 1.012569727613203296e+00
1.021210420782505013e+00 1.019684501625052864e+00 1.018253209952253213e+00 1.017020873814959092e+00 1.015991173639894107e+00 1.015118041629914591e+00 1.014392220790807153e+00 1.013805020468249607e+00 1.013340324597893805e+00 1.012979227980484564e+00 1.012702539122681600e+00 1.012493756282302426e+00 1.012344127887188527e+00 1.012252328649076549e+00 1.012221075923888103e+00
1.020661375144976901e+00 1.019170362264584018e+00 1.017772594851859225e+00 1.016569604804049565e+00 1.015564729372367303e+00 1.014712859747244345e+00 1.014004852061897832e+00 1.013432147453627419e+00 1.012978973344046185e+00 1.012626859068151752e+00 1.012357070459774411e+00 1.012153505871282277e+00 1.012007624527995420e+00 1.011918127669264589e+00 1.011887659462405775e+00
1.020134978612007526e+00 1.018677599181876836e+00 1.017312096606503458e+00 1.016137328345550150e+00 1.015156313174907954e+00 1.014324870573858117e+00 1.013633970322626254e+00 1.013075183671382939e+00 1.012633070115402933e+00 1.012289577506374272e+00 1.012026411406047322e+00 1.011827854567733054e+00 1.011685568809304048e+00 1.011598281103607500e+00 1.011568565617478876e+00
1.019629946873889192e+00 1.018204990822287881e+00 1.016870558143208481e+00 1.015722946313269981e+00 1.014764878331771314e+00 1.013953072509403475e+00 1.013278612455941197e+00 1.012733197725325995e+00 1.012301708959159274e+00 1.011966497307367208e+00 1.011709691388733123e+00 1.011515943511009707e+00 1.011377110318230299e+00 1.011291943749142330e+00 1.011262950965245544e+00
1.019145087845529707e+00 1.017751404032275708e+00 1.016446906669828287e+00 1.015325440986377226e+00 1.014389455086437630e+00 1.013596537842047507e+00 1.012937886584796443e+00 1.012405327259251697e+00 1.011984051188387745e+00 1.011656798351875164e+00 1.011406104621534574e+00 1.011216977802491312e+00 1.011081462007596965e+00 1.010998333399987459e+00 1.010970034952870966e+00
1.018679293688043996e+00 1.017315786353102158e+00 1.016040146280302814e+00 1.014943867957838641e+00 1.014029143825788903e+00 1.013254406182710232e+00 1.012610965724801027e+00 1.012090772792593851e+00 1.011679319366145524e+00 1.011359720490686787e+00 1.011114904297349959e+00 1.010930220768019083e+00 1.010797894508957739e+00 1.010716725191721510e+00 1.010689094253665044e+00
1.018231533634669006e+00 1.016897159097177372e+00 1.015649351315682125e+00 1.014577349771390358e+00 1.013683108967382784e+00 1.012925878578871286e+00 1.012297082095590994e+00 1.011788792197166220e+00 1.011386791916266681e+00 1.011074558261396250e+00 1.010835397387323198e+00 1.010654988819822631e+00 1.010525731040124553e+00 1.010446446537169640e+00 1.010419457712544267e+00
1.017800847528711694e+00 1.016494611116617319e+00 1.015273660393067212e+00 1.014225070201921985e+00 1.013350573467351801e+00 1.012610212227956552e+00 1.011995522013183768e+00 1.011498695739167619e+00 1.011105798286599633e+00 1.010800656147428978e+00 1.010566939974230971e+00 1.010390646846698326e+00 1.010264342836525220e+00 1.010186872583265449e+00 1.010160501811627975e+00
1.017386339993081812e+00 1.016107293185263716e+00 1.014912271026012336e+00 1.013886269105260807e+00 1.013030813877239034e+00 1.012306715720838080e+00 1.011705621295819757e+00 1.011219841620651483e+00 1.010835714600273771e+00 1.010537404316025123e+00 1.010308933057759484e+00 1.010136604070664745e+00 1.010013145045094873e+00 1.009937422128003748e+00 1.009911646595084145e+00
1.016987175161133017e+00 1.015734412925431540e+00 1.014564434769729795e+00 1.013560237772862083e+00 1.012723155887356841e+00 1.012014744754966777e+00 1.011426761124561535e+00 1.010951631963209696e+00 1.010575959738971408e+00 1.010284234780129076e+00 1.010060818777381630e+00 1.009892310316387709e+00 1.009771593027429137e+00 1.009697553944471471e+00 1.009672352000305695e+00
1.016602571907275765e+00 1.015375230219260905e+00 1.014229452832823508e+00 1.013246314735072984e+00 1.012426970302166662e+00 1.011733698264370096e+00 1.011158364307422897e+00 1.010693509183961947e+00 1.010325991809364554e+00 1.010040617936204477e+00 1.009822077005525065e+00 1.009657252646583236e+00 1.009539179025775946e+00 1.009466763465771244e+00 1.009442114549313541e+00
1.016231799523378498e+00 1.015029053051970553e+00 1.013906672104520457e+00 1.012943881963665360e+00 1.012141669400017374e+00 1.011463014920375603e+00 1.010899891902252268e+00 1.010444952720232603e+00 1.010085304950056884e+00 1.009806059436063608e+00 1.009592222269709350e+00 1.009430952322525998e+00 1.009315429151328658e+00 1.009244579790506968e+00 1.009220464360122804e+00
1.015874173793498869e+00 1.014695233740723124e+00 1.013595481552606481e+00 1.012652361430388837e+00 1.011866703635448506e+00 1.011202169962629016e+00 1.010650840159151187e+00 1.010205476064720997e+00 1.009853426441669200e+00 1.009580097356028716e+00 1.009370800967489545e+00 1.009212962053906315e+00 1.009099900659354176e+00 1.009030562973542544e+00 1.009006962442850597e+00
1.015529053425137551e+00 1.014373165508358321e+00 1.013295308952676388e+00 1.012371211983541075e+00 1.011601558647353016e+00 1.010950672324908872e+00 1.010410737747998278e+00 1.009974624077648597e+00 1.009629914087300850e+00 1.009362299631238580e+00 1.009157388842486291e+00 1.009002863506664349e+00 1.008892179480044504e+00 1.008824301571087378e+00 1.008801198249667852e+00
1.015195836800117934e+00 1.014062279366071628e+00 1.013005617913987910e+00 1.012099926509081094e+00 1.011345752540689702e+00 1.010708062024499698e+00 1.010179143240804045e+00 1.009751970546412636e+00 1.009414353834555911e+00 1.009152261726821598e+00 1.008951588693625778e+00 1.008800265041243538e+00 1.008691877977758056e+00 1.008625410412915757e+00 1.008602787451459593e+00
1.014873959012478011e+00 1.013762041273299497e+00 1.012725905171282470e+00 1.011838029346759482e+00 1.011098833413256015e+00 1.010473907787600378e+00 1.009955642822212729e+00 1.009537115966786525e+00 1.009206357613757765e+00 1.008949604521020449e+00 1.008753028293045029e+00 1.008604799656993789e+00 1.008498632914590187e+00 1.008433528577783900e+00 1.008411369917291411e+00
1.014562889164470016e+00 1.013471949546725037e+00 1.012455698115468872e+00 1.011585073935167278e+00 1.010860377102347218e+00 1.010247804886449163e+00 1.009739848204599388e+00 1.009329685522747377e+00 1.009005561369960224e+00 1.008753972378294339e+00 1.008561358491003812e+00 1.008416123121317343e+00 1.008312103597039266e+00 1.008248317550925144e+00 1.008226607875605918e+00
1.014262127895044552e+00 1.013191532493496805e+00 1.012194552539166903e+00 1.011340640662588442e+00 1.010629985129029018e+00 1.010029373166655864e+00 1.009531394726922215e+00 1.009129327244672414e+00 1.008811623268956570e+00 1.008565031392965050e+00 1.008376251488665387e+00 1.008233912264633547e+00 1.008131970187011728e+00 1.008069459544963964e+00 1.008048184238528044e+00
1.013971205118020746e+00 1.012920346246551473e+00 1.011942050575800112e+00 1.011104334903162094e+00 1.010407282820268815e+00 1.009818255245676921e+00 1.009329939618878846e+00 1.008935710327951263e+00 1.008624222059754105e+00 1.008382467786209657e+00 1.008197399261796745e+00 1.008057863424416389e+00 1.007957932160555403e+00 1.007896655967730482e+00 1.007875801072779964e+00
1.013689677949666912e+00 1.012657972782362581e+00 1.011697798813296023e+00 1.010875785220137102e+00 1.010191917591386712e+00 1.009614114865510226e+00 1.009135160413975330e+00 1.008748523596090241e+00 1.008443055577956882e+00 1.008205986441129909e+00 1.008024512120356153e+00 1.007887691023443111e+00 1.007789706899595350e+00 1.007729626022323632e+00 1.007709178202591982e+00
1.013417128807602596e+00 1.012404018103587156e+00 1.011461426565530175e+00 1.010654641720013291e+00 1.009983557373220986e+00 1.009416635384552841e+00 1.008946753496949178e+00 1.008567474094148819e+00 1.008267839376233210e+00 1.008035309562345327e+00 1.007857317390612018e+00 1.007723126269057579e+00 1.007627028403580205e+00 1.007568105426406957e+00 1.007548051931613120e+00
1.013153163664871625e+00 1.012158110570970049e+00 1.011232584286469560e+00 1.010440574543118419e+00 1.009781889170102032e+00 1.009225518395222343e+00 1.008764432772571329e+00 1.008392285799906585e+00 1.008098305469562028e+00 1.007870175448035921e+00 1.007695558207907460e+00 1.007563915961701584e+00 1.007469646109403705e+00 1.007411845239160497e+00 1.007392173872264429e+00
1.012897410444736135e+00 1.011919899370523845e+00 1.011010942113582445e+00 1.010233272477723210e+00 1.009586617736233372e+00 1.009040482455375365e+00 1.008587928444260928e+00 1.008222698441523235e+00 1.007934201184288447e+00 1.007710337363675990e+00 1.007538992409475531e+00 1.007409821402246441e+00 1.007317323809217013e+00 1.007260610785565724e+00 1.007241309872235036e+00
1.012649517543257716e+00 1.011689053103471236e+00 1.010796188528494843e+00 1.010032441686163684e+00 1.009397464359383489e+00 1.008861261922842978e+00 1.008416985892182094e+00 1.008058466411652310e+00 1.007775288101190103e+00 1.007555562507854718e+00 1.007387391517848618e+00 1.007260617388778812e+00 1.007169838656873928e+00 1.007114180668810199e+00 1.007095239028924283e+00
1.012409152468060070e+00 1.011465258487735053e+00 1.010588029124128262e+00 1.009837804532639716e+00 1.009214165741968650e+00 1.008687605883516802e+00 1.008251364641576275e+00 1.007899357769032500e+00 1.007621341083795530e+00 1.007405631061592199e+00 1.007240539806401491e+00 1.007116091294484983e+00 1.007026980254724036e+00 1.006972345862580775e+00 1.006953752783612543e+00
1.012176000582841739e+00 1.011248219160904682e+00 1.010386185468659326e+00 1.009649098503435427e+00 1.009036472970625153e+00 1.008519277164420247e+00 1.008090837413049723e+00 1.007745153319519638e+00 1.007472147384107952e+00 1.007260335313460375e+00 1.007098233439461588e+00 1.006976042219157819e+00 1.006888549813343747e+00 1.006834908875867018e+00 1.006816654087998142e+00
1.011949763948272629e+00 1.011037654575634104e+00 1.010190394057625562e+00 1.009466075211241654e+00 1.008864150566288087e+00 1.008356051424075472e+00 1.007935189247388896e+00 1.007595645769339132e+00 1.007327505818697233e+00 1.007119478853610195e+00 1.006960279680191972e+00 1.006840280207612182e+00 1.006754359377552754e+00 1.006701682983669022e+00 1.006683756636506777e+00
1.011730160250823296e+00 1.010833298979320727e+00 1.010000405346369590e+00 1.009288499476107326e+00 1.008696975607596968e+00 1.008197716313257164e+00 1.007784216698224933e+00 1.007450638944088039e+00 1.007187226008843473e+00 1.006982875830512603e+00 1.006826496160153628e+00 1.006708625528990764e+00 1.006624231112752010e+00 1.006572491517671697e+00 1.006554884158447738e+00
1.011516921811913994e+00 1.010634900470729569e+00 1.009815982855794880e+00 1.009116148476288277e+00 1.008534736921165909e+00 1.008044070699913863e+00 1.007637727086546420e+00 1.007309947067654754e+00 1.007051127679042146e+00 1.006850350264841154e+00 1.006696710205062351e+00 1.006580908011548425e+00 1.006497996646215531e+00 1.006447167211551807e+00 1.006429869764690954e+00
1.011309794670509188e+00 1.010442220126936075e+00 1.009636902345088849e+00 1.008948810962921883e+00 1.008377234332898276e+00 1.007894923952660671e+00 1.007495537811649466e+00 1.007173394095810304e+00 1.006919040008761090e+00 1.006721735415482488e+00 1.006570758211807304e+00 1.006456966428030952e+00 1.006375496458503216e+00 1.006325551596111367e+00 1.006308555344071598e+00
1.011108537732938961e+00 1.010255031194603470e+00 1.009462951045688950e+00 1.008786286533053245e+00 1.008224277975088734e+00 1.007750095277783808e+00 1.007357475713648087e+00 1.007040813099737697e+00 1.006790801032828364e+00 1.006596873193152497e+00 1.006448485072279686e+00 1.006336647927263961e+00 1.006256579320645494e+00 1.006207494439911310e+00 1.006190791005201701e+00
1.010912921984327584e+00 1.010073118340181875e+00 1.009293926951313924e+00 1.008628384956061108e+00 1.008075687644569562e+00 1.007609413105198470e+00 1.007223376483136867e+00 1.006912045695226965e+00 1.006666257086285432e+00 1.006475613617535902e+00 1.006329743639995389e+00 1.006219807507978681e+00 1.006141101773162072e+00 1.006092853231493889e+00 1.006076434559785682e+00
1.010722729756522220e+00 1.009896276954127758e+00 1.009129638159375508e+00 1.008474925549002865e+00 1.007931292207602025e+00 1.007472714519227930e+00 1.007093084114026205e+00 1.006786941513670097e+00 1.006545262289943565e+00 1.006357814314259969e+00 1.006214394235881882e+00 1.006106307531292821e+00 1.006028927643368265e+00 1.005981492699663971e+00 1.005965351043916822e+00
1.010537754047908132e+00 1.009724312504693744e+00 1.008969902259520657e+00 1.008325736596820787e+00 1.007790929047627237e+00 1.007339844730470224e+00 1.006966450395939683e+00 1.006665357711363340e+00 1.006427678073230192e+00 1.006243340048362800e+00 1.006102304189945063e+00 1.005996017268601550e+00 1.005919927597754837e+00 1.005873284368633547e+00 1.005857412274167695e+00
1.010357797890899301e+00 1.009557039937262646e+00 1.008814545765455373e+00 1.008180654813731536e+00 1.007654443552349788e+00 1.007210656585362241e+00 1.006843334442909965e+00 1.006547158513944940e+00 1.006313372731238553e+00 1.006132062291235085e+00 1.005993347415838901e+00 1.005888812481941841e+00 1.005813978726527003e+00 1.005768106145136009e+00 1.005752496435580845e+00
1.010182673763295513e+00 1.009394283115548241e+00 1.008663403586546048e+00 1.008039524842452295e+00 1.007521688636954904e+00 1.007085010110366330e+00 1.006723602255404248e+00 1.006432214793094859e+00 1.006202221013183129e+00 1.006023858818285044e+00 1.005887404015642694e+00 1.005784575034163630e+00 1.005710964157665366e+00 1.005665841934882732e+00 1.005650487698945827e+00
1.010012203040023371e+00 1.009235874301339209e+00 1.008516318536018641e+00 1.007902198788230175e+00 1.007392524300544823e+00 1.006962772087989233e+00 1.006607126312987877e+00 1.006320403672886776e+00 1.006094103739710865e+00 1.005918613334843892e+00 1.005784359912389236e+00 1.005683192526492409e+00 1.005610772698112720e+00 1.005566381285984745e+00 1.005551275864980276e+00
1.009846215482098408e+00 1.009081653669737122e+00 1.008373140872857787e+00 1.007768535784909325e+00 1.007266817213158250e+00 1.006843815662090913e+00 1.006493785195175628e+00 1.006211608163415816e+00 1.005988907446759617e+00 1.005816215128039204e+00 1.005684106508123454e+00 1.005584557961277437e+00 1.005513298499904451e+00 1.005469619057165032e+00 1.005454756033256292e+00
1.009684548759918199e+00 1.008931468857132030e+00 1.008233727874767505e+00 1.007638401590517319e+00 1.007144440330954183e+00 1.006728019970169585e+00 1.006383463228242903e+00 1.006105716819546192e+00 1.005886524053858588e+00 1.005716558742580924e+00 1.005586540365461579e+00 1.005488569427933188e+00 1.005418440749264342e+00 1.005375455108800109e+00 1.005360828293903275e+00
1.009527048008252992e+00 1.008785174539377438e+00 1.008097943439784316e+00 1.007511668210075984e+00 1.007025272537369842e+00 1.006615269800518853e+00 1.006276050155962443e+00 1.006002623422805886e+00 1.005786850554951872e+00 1.005619543678580197e+00 1.005491562910801662e+00 1.005395129810241928e+00 1.005326103376857683e+00 1.005283794014988130e+00 1.005269397440297752e+00
1.009373565410518925e+00 1.008642632037866305e+00 1.007965657714345653e+00 1.007388213543541911e+00 1.006909198308246323e+00 1.006505455272327598e+00 1.006171440832416275e+00 1.005902226684636025e+00 1.005689788729998924e+00 1.005525074109689498e+00 1.005399080157509006e+00 1.005304146513366081e+00 1.005236194787558102e+00 1.005194544795014133e+00 1.005180372701106162e+00
1.009223959810135796e+00 1.008503708951393296e+00 1.007836746745805589e+00 1.007267921056960613e+00 1.006796107399090978e+00 1.006398471536975370e+00 1.006069534935188914e+00 1.005804429969354041e+00 1.005595244875752581e+00 1.005433058620003539e+00 1.005309002447533073e+00 1.005215531209044943e+00 1.005148627608221767e+00 1.005107620662712531e+00 1.005093667490190246e+00
1.009078096346949227e+00 1.008368278811873298e+00 1.007711092157558497e+00 1.007150679475085076e+00 1.006685894552804106e+00 1.006294218498907656e+00 1.005970236697394160e+00 1.005709141035334042e+00 1.005503129554260022e+00 1.005343409958288303e+00 1.005221244210056541e+00 1.005129199597594836e+00 1.005063318452102727e+00 1.005022938792366594e+00 1.005009199173013013e+00
1.008935846116865598e+00 1.008236220762150026e+00 1.007588580845087955e+00 1.007036382493855520e+00 1.006578459226337596e+00 1.006192600554631555e+00 1.005873454657126187e+00 1.005616271793034144e+00 1.005413357357747062e+00 1.005256044808238158e+00 1.005135723735891329e+00 1.005045071185443284e+00 1.004980187698645944e+00 1.004940420099896592e+00 1.004926888848302280e+00
1.008797085853008646e+00 1.008107419254270054e+00 1.007469104691401496e+00 1.006924928511272466e+00 1.006473705334882451e+00 1.006093526348479816e+00 1.005779101423031507e+00 1.005525738078617337e+00 1.005325846688671643e+00 1.005170883573564211e+00 1.005052362966445401e+00 1.004963069077039917e+00 1.004899159287517607e+00 1.004859989038192181e+00 1.004846661143828035e+00
1.008661697626837661e+00 1.007981763766736316e+00 1.007352560300432298e+00 1.006816220375316595e+00 1.006371541012299309e+00 1.005996908543915769e+00 1.005687093454820991e+00 1.005437459442011905e+00 1.005240519553821210e+00 1.005087850176813458e+00 1.004971087296183896e+00 1.004883119780078937e+00 1.004820160525814909e+00 1.004781573405546968e+00 1.004768444025254004e+00
1.008529568567795298e+00 1.007859148539375083e+00 1.007238848747113336e+00 1.006710165147679747e+00 1.006271878386612029e+00 1.005902663609241854e+00 1.005597350857627914e+00 1.005351358948363583e+00 1.005157301371429224e+00 1.005006871870922858e+00 1.004891825387599358e+00 1.004805153023058839e+00 1.004743121907490488e+00 1.004705104166231600e+00 1.004692168617103976e+00
1.008400590600174285e+00 1.007739472324558738e+00 1.007127875342927803e+00 1.006606673882169956e+00 1.006174633369479210e+00 1.005810711616678788e+00 1.005509797189218180e+00 1.005267362991906221e+00 1.005076120790371341e+00 1.004927879062580409e+00 1.004814508997783795e+00 1.004729101584288076e+00 1.004667976944110031e+00 1.004630515282328496e+00 1.004617769034962027e+00
1.008274660195987549e+00 1.007622638153629291e+00 1.007019549415839155e+00 1.006505661416751574e+00 1.006079725458646212e+00 1.005720976053856353e+00 1.005424359279125435e+00 1.005185401121364563e+00 1.004996909520572412e+00 1.004850805146547232e+00 1.004739072815765022e+00 1.004654901131508904e+00 1.004594662006122796e+00 1.004557743556016680e+00 1.004545182228104849e+00
1.008151678142728436e+00 1.007508553117459238e+00 1.006913784103590670e+00 1.006407046178253939e+00 1.005987077552465303e+00 1.005633383646840517e+00 1.005340967058872437e+00 1.005105405876068669e+00 1.004919602173828697e+00 1.004775586350163730e+00 1.004665454309851214e+00 1.004582490071392220e+00 1.004523116173901665e+00 1.004486728481564173e+00 1.004474347831818104e+00
1.008031549324992282e+00 1.007397128160169686e+00 1.006810496159443735e+00 1.006310749998867715e+00 1.005896615775635272e+00 1.005547864193885754e+00 1.005259553402497730e+00 1.005027312632030156e+00 1.004844136114313669e+00 1.004702161587320841e+00 1.004593593584271138e+00 1.004511809408201062e+00 1.004453281097865691e+00 1.004417412106345164e+00 1.004405208028720020e+00
1.007914182519012547e+00 1.007288277885099337e+00 1.006709605769497751e+00 1.006216697943613791e+00 1.005808269315382697e+00 1.005464350409170260e+00 1.005180053976673316e+00 1.004951059457283247e+00 1.004770451318093283e+00 1.004630472321237589e+00 1.004523433244464581e+00 1.004442802610985952e+00 1.004385100867042580e+00 1.004349738900249145e+00 1.004337707418457626e+00
1.007799490199232428e+00 1.007181920372192341e+00 1.006611036380797186e+00 1.006124818148030675e+00 1.005721970267370979e+00 1.005382777775823078e+00 1.005102407099747852e+00 1.004876586975854913e+00 1.004698490241025643e+00 1.004560462435436285e+00 1.004454918270425656e+00 1.004375415488721668e+00 1.004318521885499527e+00 1.004283655632903338e+00 1.004271792895199633e+00
1.007687388356105718e+00 1.007077977006031855e+00 1.006514714539499478e+00 1.006035041665387153e+00 1.005637653490673911e+00 1.005303084407617176e+00 1.005026553609110307e+00 1.004803838239771485e+00 1.004628197694475311e+00 1.004492078112354525e+00 1.004387995897545682e+00 1.004309596072842092e+00 1.004253492756092880e+00 1.004219111258171981e+00 1.004207413532391957e+00
1.007577796324377051e+00 1.006976372313809875e+00 1.006420569738424753e+00 1.005947302322779846e+00 1.005555256471197811e+00 1.005225210918731849e+00 1.004952436736309629e+00 1.004732758608559040e+00 1.004559520728308009e+00 1.004425267719074588e+00 1.004322615504446681e+00 1.004245294506668440e+00 1.004189964171044114e+00 1.004156056805437958e+00 1.004144520474280267e+00
1.007470636621149218e+00 1.006877033812569877e+00 1.006328534273362330e+00 1.005861536585520355e+00 1.005474719192992472e+00 1.005149100301054199e+00 1.004880001989408411e+00 1.004663295635733089e+00 1.004492408520682334e+00 1.004359981699691762e+00 1.004258728507337661e+00 1.004182462941269227e+00 1.004127888808880709e+00 1.004094445277211145e+00 1.004083066833744597e+00
1.007365834793096937e+00 1.006779891865116516e+00 1.006238543107560002e+00 1.005777683429265768e+00 1.005395984016927091e+00 1.005074697808512330e+00 1.004809197042091817e+00 1.004595398961812380e+00 1.004426812274176850e+00 1.004296172473880588e+00 1.004196288260452707e+00 1.004121055437320331e+00 1.004067221237320950e+00 1.004034231552639378e+00 1.004023007596024586e+00
1.007263319272231117e+00 1.006684879544023525e+00 1.006150533743856323e+00 1.005695684219383157e+00 1.005318995566243157e+00 1.005001950847979719e+00 1.004739971629085682e+00 1.004529020213427604e+00 1.004362685117844434e+00 1.004233794341247599e+00 1.004135249962178289e+00 1.004061027872572121e+00 1.004007917821702955e+00 1.003975372296532553e+00 1.003964299527947190e+00
1.007163021239664058e+00 1.006591932503217990e+00 1.006064446103961396e+00 1.005615482597076893e+00 1.005243700618539959e+00 1.004930808876321358e+00 1.004672277447468565e+00 1.004464112908122875e+00 1.004299982014797088e+00 1.004172803391091717e+00 1.004075570566484332e+00 1.004002337854550397e+00 1.003949936638599105e+00 1.003917825873537950e+00 1.003906901092292525e+00
1.007064874496863771e+00 1.006500988856653400e+00 1.005980222414426306e+00 1.005537024371844224e+00 1.005170048003774852e+00 1.004861223303183282e+00 1.004606068063501167e+00 1.004400632364486956e+00 1.004238659674966172e+00 1.004113157417221514e+00 1.004017208699327091e+00 1.003944944638156755e+00 1.003893237394278160e+00 1.003861552267133250e+00 1.003850772366966515e+00
1.006968815343920021e+00 1.006411989063621393e+00 1.005897807098874663e+00 1.005460257419851011e+00 1.005097988507892781e+00 1.004793147399158260e+00 1.004541298824612516e+00 1.004338535617261385e+00 1.004178676472704534e+00 1.004054815837503112e+00 1.003960124579691859e+00 1.003888809047847053e+00 1.003837781347699298e+00 1.003806513003120182e+00 1.003795874968668400e+00
1.006874782464384888e+00 1.006324875820280962e+00 1.005817146676095675e+00 1.005385131587855030e+00 1.005027474781727381e+00 1.004726536208982779e+00 1.004477926776217833e+00 1.004277781337116870e+00 1.004119992368918801e+00 1.003997739617835450e+00 1.003904279944988653e+00 1.003833893404098454e+00 1.003783531237751436e+00 1.003752671077341452e+00 1.003742171980767095e+00
1.006782716816271961e+00 1.006239593957015899e+00 1.005738189663635707e+00 1.005311598602325107e+00 1.004958461254840785e+00 1.004661346469449157e+00 1.004415910583060789e+00 1.004218329754798411e+00 1.004062568837449376e+00 1.003941891200273551e+00 1.003849637980515963e+00 1.003780161453892816e+00 1.003730451214466690e+00 1.003699990887341631e+00 1.003689627885116176e+00
1.006692561528835572e+00 1.006156090341258968e+00 1.005660886486541061e+00 1.005239611983429482e+00 1.004890904053990397e+00 1.004597536531735891e+00 1.004355210454795255e+00 1.004160142589363147e+00 1.004006368795424375e+00 1.003887234435038245e+00 1.003796163252743456e+00 1.003727578304959955e+00 1.003678506773957535e+00 1.003648438167731305e+00 1.003638208497563911e+00
1.006604261804771916e+00 1.006074313785442653e+00 1.005585189390931555e+00 1.005169126963596060e+00 1.004824760925939309e+00 1.004535066287880918e+00 1.004295788075544538e+00 1.004103182980258024e+00 1.003951356537345463e+00 1.003833734516168308e+00 1.003743821646170264e+00 1.003676110363551421e+00 1.003627664696845834e+00 1.003597979929019779e+00 1.003587880906921859e+00
1.006517764827512762e+00 1.005994214959762489e+00 1.005511052362114688e+00 1.005100100410357244e+00 1.004759991164338784e+00 1.004473897101142210e+00 1.004237606537189631e+00 1.004047415422999689e+00 1.003897497672671113e+00 1.003781357920591200e+00 1.003692580303540804e+00 1.003625725275520519e+00 1.003577892989966358e+00 1.003548584399700738e+00 1.003538613417183534e+00
1.006433019673295792e+00 1.005915746309460568e+00 1.005438431046953518e+00 1.005032490753219543e+00 1.004696555540431913e+00 1.004413991740008782e+00 1.004180630276158892e+00 1.003992805708232350e+00 1.003844759066683467e+00 1.003730072350402125e+00 1.003642407569206974e+00 1.003576391870508511e+00 1.003529160831142963e+00 1.003500220971392798e+00 1.003490375492786413e+00
1.006349977227732229e+00 1.005838861976352749e+00 1.005367282680235341e+00 1.004966257914314154e+00 1.004634416237351502e+00 1.004355314315634295e+00 1.004124825013504196e+00 1.003939320863958873e+00 1.003793108784436061e+00 1.003679846678151799e+00 1.003593272935449532e+00 1.003528080109044707e+00 1.003481438516851343e+00 1.003452860146846204e+00 1.003443137706738097e+00
1.006268590106591088e+00 1.005763517724347800e+00 1.005297566014800914e+00 1.004901363242595602e+00 1.004573536787787047e+00 1.004297830222492305e+00 1.004070157698065735e+00 1.003886929100755943e+00 1.003742516037599675e+00 1.003630650894965948e+00 1.003545146991575265e+00 1.003480761032386814e+00 1.003434697412589172e+00 1.003406473490642048e+00 1.003396871691425218e+00
1.006188812580556702e+00 1.005689670868711971e+00 1.005229241255201300e+00 1.004837769451381480e+00 1.004513882014823611e+00 1.004241506082054869e+00 1.004016596452537824e+00 1.003835599759786312e+00 1.003692951134025346e+00 1.003582456061319572e+00 1.003498001375624504e+00 1.003434406714930560e+00 1.003388909905795545e+00 1.003361033582420792e+00 1.003351550091950983e+00
1.006110600503714148e+00 1.005617280208864761e+00 1.005162269994680946e+00 1.004775440559026567e+00 1.004455417975760323e+00 1.004186309689312884e+00 1.003964110522264086e+00 1.003785303263447171e+00 1.003644385429869557e+00 1.003535234260312770e+00 1.003451808728529127e+00 1.003388990219041155e+00 1.003344049361162060e+00 1.003316513972491775e+00 1.003307146521841720e+00
1.006033911245550749e+00 1.005546305964488463e+00 1.005096615155280260e+00 1.004714341832549485e+00 1.004398111908731517e+00 1.004132209961974720e+00 1.003912670226595028e+00 1.003736011068492529e+00 1.003596791284119938e+00 1.003488958553292898e+00 1.003406542650580491e+00 1.003344485552156273e+00 1.003300090078194540e+00 1.003272889139674495e+00 1.003263635520988073e+00
1.005958703626257167e+00 1.005476709714757888e+00 1.005032240930880061e+00 1.004654439734036009e+00 1.004341932181964214e+00 1.004079176892175740e+00 1.003862246912663014e+00 1.003687695621487741e+00 1.003550142015386504e+00 1.003443602937690304e+00 1.003362177660065857e+00 1.003300867626030879e+00 1.003257007250893063e+00 1.003230134451248645e+00 1.003220992515684307e+00
1.005884937855137551e+00 1.005408454340508184e+00 1.004969112733007375e+00 1.004595701869652968e+00 1.004286848245517172e+00 1.004027181500557697e+00 1.003812812911423435e+00 1.003640330316452722e+00 1.003504411860821177e+00 1.003399142306930614e+00 1.003318689153945176e+00 1.003258112217991993e+00 1.003214776929423957e+00 1.003188226124881233e+00 1.003179193780641354e+00
1.005812575471945136e+00 1.005341503969161776e+00 1.004907197139247810e+00 1.004538096941121506e+00 1.004232830585352065e+00 1.003976195792573689e+00 1.003764341495835932e+00 1.003593889454570620e+00 1.003459575937039938e+00 1.003355552412306340e+00 1.003276053370451670e+00 1.003216195934090615e+00 1.003173375983666737e+00 1.003147141192415104e+00 1.003138216402861715e+00
1.005741579290969412e+00 1.005275823922259004e+00 1.004846461844102201e+00 1.004481594699502267e+00 1.004179850679605801e+00 1.003926192716891652e+00 1.003716806841055798e+00 1.003548348205836938e+00 1.003415610202932573e+00 1.003312809826689689e+00 1.003234247353500086e+00 1.003175096174035996e+00 1.003132782068526296e+00 1.003106857465415169e+00 1.003098038247262291e+00
1.005671913347714996e+00 1.005211380665433030e+00 1.004786875612148966e+00 1.004426165901159518e+00 1.004127880956926511e+00 1.003877146125769615e+00 1.003670183986519415e+00 1.003503682572536526e+00 1.003372491424245672e+00 1.003270891909981088e+00 1.003193248918797797e+00 1.003134791097808787e+00 1.003092973590906434e+00 1.003067353502363535e+00 1.003058637923945229e+00
1.005603542848011900e+00 1.005148141760686675e+00 1.004728408233377834e+00 1.004371782265773616e+00 1.004076894756759764e+00 1.003829030737288353e+00 1.003624448799811164e+00 1.003459869354441203e+00 1.003330197139840507e+00 1.003229776776189297e+00 1.003153036621560190e+00 1.003095259593855371e+00 1.003053929678249467e+00 1.003028608577409608e+00 1.003019994757020195e+00
1.005536434119422395e+00 1.005086075820835312e+00 1.004671030480558613e+00 1.004318416436282169e+00 1.004026866291466202e+00 1.003781822099335974e+00 1.003579577942210754e+00 1.003416886115630291e+00 1.003288705629521882e+00 1.003189443262052505e+00 1.003113589725736166e+00 1.003056481248772780e+00 1.003015630148548443e+00 1.002990602650585483e+00 1.002982088754890144e+00
1.005470554564797281e+00 1.005025152465983673e+00 1.004614714068533310e+00 1.004266041940633958e+00 1.003977770610160025e+00 1.003735496555234530e+00 1.003535548835816638e+00 1.003374711152832166e+00 1.003247995883351340e+00 1.003149870897103391e+00 1.003074888174654289e+00 1.003018436318392048e+00 1.002978055481747344e+00 1.002953316339399104e+00 1.002944900581908438e+00
1.005405872617855190e+00 1.004965342281917806e+00 1.004559431615308807e+00 1.004214633155249725e+00 1.003929583564173056e+00 1.003690031210915157e+00 1.003492339632158448e+00 1.003333323465204208e+00 1.003208047572353045e+00 1.003111039875099531e+00 1.003036912563008531e+00 1.002981105700184727e+00 1.002941186792447814e+00 1.002916730891726615e+00 1.002908411531335586e+00
1.005342357700661271e+00 1.004906616780290918e+00 1.004505156604844851e+00 1.004164165270086340e+00 1.003882281774040264e+00 1.003645403903550726e+00 1.003449929182205658e+00 1.003292702725460783e+00 1.003168841020531499e+00 1.003072931026734560e+00 1.002999644110101229e+00 1.002944470906908192e+00 1.002905005803844229e+00 1.002880828159924631e+00 1.002872603499510795e+00
1.005279980182884003e+00 1.004848948360493877e+00 1.004451863351431884e+00 1.004114614255203097e+00 1.003835842597917027e+00 1.003601593171555617e+00 1.003408297007689409e+00 1.003252829252272660e+00 1.003130357178126264e+00 1.003035525793557481e+00 1.002963064634273316e+00 1.002908514041421562e+00 1.002869494822816065e+00 1.002845590576093349e+00 1.002837458961175265e+00
1.005218711342715343e+00 1.004792310273104672e+00 1.004399526965559675e+00 1.004065956828742445e+00 1.003790244101340656e+00 1.003558578225867137e+00 1.003367423273660020e+00 1.003213683983856797e+00 1.003092577596021551e+00 1.002998806203022175e+00 1.002927156528445218e+00 1.002873217772598302e+00 1.002834636716107841e+00 1.002811001128419033e+00 1.002802960945867516e+00
1.005158523329348075e+00 1.004736676584811583e+00 1.004348123321179287e+00 1.004018170426232315e+00 1.003745465028250905e+00 1.003516338922435969e+00 1.003327288762200897e+00 1.003175248452686574e+00 1.003055484401247366e+00 1.002962754844603843e+00 1.002891902736704699e+00 1.002838565312271113e+00 1.002800414887528246e+00 1.002777043338532126e+00 1.002769093015337676e+00
1.005099389126899778e+00 1.004682022144712361e+00 1.004297629024269778e+00 1.003971233171123023e+00 1.003701484773188657e+00 1.003474855735839943e+00 1.003287874847226258e+00 1.003137504761250742e+00 1.003019060273499630e+00 1.002927354846912200e+00 1.002857286731876352e+00 1.002804540393143595e+00 1.002766813256110501e+00 1.002743701239817042e+00 1.002735839241907234e+00
1.005041282519683499e+00 1.004628322551895714e+00 1.004248021382616374e+00 1.003925123846479028e+00 1.003658283354593506e+00 1.003434109733952972e+00 1.003249163470295136e+00 1.003100435558793135e+00 1.002983288422616637e+00 1.002892589855739924e+00 1.002823292494007035e+00 1.002771127247608529e+00 1.002733816235167996e+00 1.002710959356616138e+00 1.002703184187723418e+00
1.004984178058722089e+00 1.004575554124206294e+00 1.004199278376717741e+00 1.003879821867740940e+00 1.003615841389128738e+00 1.003394082553597411e+00 1.003211137117368201e+00 1.003064024018969436e+00 1.002948152566945472e+00 1.002858444012982631e+00 1.002789904489712614e+00 1.002738310587415693e+00 1.002701408712190601e+00 1.002678802684265014e+00 1.002671112884842231e+00
1.004928051029405633e+00 1.004523693868105028e+00 1.004151378631733316e+00 1.003835307256483400e+00 1.003574140066952669e+00 1.003354756377106582e+00 1.003173778796447424e+00 1.003028253818356808e+00 1.002913636912543094e+00 1.002824901936376190e+00 1.002757107652324287e+00 1.002706075584127055e+00 1.002669576029523890e+00 1.002647216669909636e+00 1.002639610816092874e+00
1.004872877420197153e+00 1.004472719449533535e+00 1.004104301390389864e+00 1.003791560615086897e+00 1.003533161127871942e+00 1.003316113909733076e+00 1.003137072016029974e+00 1.002993109115754011e+00 1.002879726133145022e+00 1.002791948699986335e+00 1.002724887362778317e+00 1.002674407850308702e+00 1.002638303965776911e+00 1.002616187194046438e+00 1.002608663896661811e+00
1.004818633892282653e+00 1.004422609165691149e+00 1.004058026486763788e+00 1.003748563102248692e+00 1.003492886838297959e+00 1.003278138357835525e+00 1.003101000764313522e+00 1.002958574532211600e+00 1.002846405350850345e+00 1.002759569815400376e+00 1.002693229431196320e+00 1.002643293421403792e+00 1.002607578717904291e+00 1.002585700552733217e+00 1.002578258456348292e+00
1.004765297750069619e+00 1.004373341917632834e+00 1.004012534320852357e+00 1.003706296409257348e+00 1.003453299968941392e+00 1.003240813407771936e+00 1.003065549489090991e+00 1.002924635131734687e+00 1.002813660117459538e+00 1.002727751213560614e+00 1.002662120079096830e+00 1.002612718738229880e+00 1.002577386883910293e+00 1.002555743440418201e+00 1.002548381222436946e+00
1.004712846912429347e+00 1.004324897183592968e+00 1.003967805833856364e+00 1.003664742736950721e+00 1.003414383773168828e+00 1.003204123205441611e+00 1.003030703078269914e+00 1.002891276402592569e+00 1.002781476396412019e+00 1.002696479227186188e+00 1.002631545922189504e+00 1.002582670630054018e+00 1.002547715446121535e+00 1.002526302933337776e+00 1.002519019303135694e+00
1.004661259884578994e+00 1.004277254992949509e+00 1.003923822484079631e+00 1.003623884773280128e+00 1.003376121965948498e+00 1.003168052336396610e+00 1.002996446840953793e+00 1.002858484239180559e+00 1.002749840545261284e+00 1.002665740573725595e+00 1.002601493953691358e+00 1.002553136298182768e+00 1.002518551754976395e+00 1.002497366473424689e+00 1.002490160171525702e+00
1.004610515730494980e+00 1.004230395900713280e+00 1.003880566223361193e+00 1.003583705671398763e+00 1.003338498703313375e+00 1.003132585806464361e+00 1.002962766489019497e+00 1.002826244924368337e+00 1.002718739298630757e+00 1.002635522338783725e+00 1.002571951528114402e+00 1.002524103300021174e+00 1.002489883513277169e+00 1.002468921852679440e+00 1.002461791649974510e+00
1.004560594045739164e+00 1.004184300962455145e+00 1.003838019473948240e+00 1.003544189028191758e+00 1.003301498562262584e+00 1.003097709022801709e+00 1.002929648119124328e+00 1.002794545112271285e+00 1.002688159751590646e+00 1.002605811959964566e+00 1.002542906345463836e+00 1.002495559533539637e+00 1.002461698760849451e+00 1.002440957197948457e+00 1.002433901894951962e+00
1.004511474930577020e+00 1.004138951709549588e+00 1.003796165105704574e+00 1.003505318863153750e+00 1.003265106521017413e+00 1.003063407775306670e+00 1.002897078195071234e+00 1.002763371811383308e+00 1.002658089343388959e+00 1.002576597211067844e+00 1.002514346435791737e+00 1.002467493222094497e+00 1.002433985859552568e+00 1.002413460956050439e+00 1.002406479382199400e+00
1.004463138963253899e+00 1.004094330124620349e+00 1.003754986413554429e+00 1.003467079597525125e+00 1.003229307939548232e+00 1.003029668218311077e+00 1.002865043530459577e+00 1.002732712367992107e+00 1.002628515841473389e+00 1.002547866186576764e+00 1.002486260144038743e+00 1.002439892899538165e+00 1.002406733478582446e+00 1.002386421879197798e+00 1.002379512892187297e+00
1.004415567173282842e+00 1.004050418617058682e+00 1.003714467095047747e+00 1.003429456033577916e+00 1.003194088540276585e+00 1.002996476852465957e+00 1.002833531271538403e+00 1.002702554449812933e+00 1.002599427325732151e+00 1.002519607286370240e+00 1.002458636115104884e+00 1.002412747395558190e+00 1.002379930580001854e+00 1.002359829010643244e+00 1.002352991495804702e+00
1.004368741014585176e+00 1.004007199998471878e+00 1.003674591227913027e+00 1.003392433333944789e+00 1.003159434388852800e+00 1.002963820506724391e+00 1.002802528880181621e+00 1.002672886029750687e+00 1.002570812172875803e+00 1.002491809200580120e+00 1.002431463279070956e+00 1.002386045821171301e+00 1.002353566404431184e+00 1.002333671670490256e+00 1.002326904540210339e+00
1.004322642338301819e+00 1.003964657457903087e+00 1.003635343247469836e+00 1.003355997000861644e+00 1.003125331874894943e+00 1.002931686320325033e+00 1.002772024116883598e+00 1.002643695369707766e+00 1.002542659040878137e+00 1.002464460894521459e+00 1.002404730836499169e+00 1.002359777554303610e+00 1.002327630456825380e+00 1.002307939441591911e+00 1.002301241634770523e+00
1.004277253365075895e+00 1.003922774536645468e+00 1.003596707923734677e+00 1.003320132855187286e+00 1.003091767692564584e+00 1.002900061724656622e+00 1.002742005023677052e+00 1.002614971004336164e+00 1.002514956853383321e+00 1.002437551593600373e+00 1.002378428243722919e+00 1.002333932225366375e+00 1.002302112492254649e+00 1.002282622155457492e+00 1.002275992637009949e+00
1.004232556656573738e+00 1.003881535102449041e+00 1.003558670338049463e+00 1.003284827015044289e+00 1.003058728820838352e+00 1.002868934424877567e+00 1.002712459906849096e+00 1.002586701724627494e+00 1.002487694783972705e+00 1.002411070768104651e+00 1.002352545198033296e+00 1.002308499702738942e+00 1.002277002501599679e+00 1.002257709878075165e+00 1.002251147638478557e+00
1.004188535085979828e+00 1.003840923322886436e+00 1.003521215859025428e+00 1.003250065873899421e+00 1.003026202503315423e+00 1.002838292381146745e+00 1.002683377319325553e+00 1.002558876561209900e+00 1.002460862240176942e+00 1.002385008117760989e+00 1.002327071622653110e+00 1.002283470078053407e+00 1.002252290697057679e+00 1.002233192895554348e+00 1.002226696950438978e+00
1.004145171807159009e+00 1.003800923637611531e+00 1.003484330117571988e+00 1.003215836077876899e+00 1.002994176227372636e+00 1.002808123789293404e+00 1.002654746042567213e+00 1.002531484767217096e+00 1.002434448847098203e+00 1.002359353555936528e+00 1.002301997651373178e+00 1.002258833651159309e+00 1.002227967497338890e+00 1.002209061699464776e+00 1.002202631089253781e+00
1.004102450222126963e+00 1.003761520729196111e+00 1.003447998980733669e+00 1.003182124502066452e+00 1.002962637702456972e+00 1.002778417060735006e+00 1.002626555067802405e+00 1.002504515800557883e+00 1.002408444430485046e+00 1.002334097193328555e+00 1.002277313612710996e+00 1.002234580914630691e+00 1.002204023512423658e+00 1.002185306971744794e+00 1.002178940761346615e+00
1.004060353946403916e+00 1.003722699492178183e+00 1.003412208524019356e+00 1.003148918225541086e+00 1.002931574837257811e+00 1.002749160801415185e+00 1.002598793576385594e+00 1.002477959305395183e+00 1.002382838999080983e+00 1.002309229320977657e+00 1.002253010013425483e+00 1.002210702537654985e+00 1.002180449527716677e+00 1.002161919569018789e+00 1.002155616847573816e+00
1.004018866771755114e+00 1.003684444999884073e+00 1.003376945001839493e+00 1.003116204504752140e+00 1.002900975715467657e+00 1.002720343789490709e+00 1.002571450919036877e+00 1.002451805092607451e+00 1.002357622726030462e+00 1.002284740392396012e+00 1.002229077521189726e+00 1.002187189349114327e+00 1.002157236487418057e+00 1.002138890506144575e+00 1.002132650386831525e+00
1.003977972625711645e+00 1.003646742468505826e+00 1.003342194815604715e+00 1.003083970744906406e+00 1.002870828569772943e+00 1.002691954951453024e+00 1.002544516593672608e+00 1.002426043118962884e+00 1.002332785929091807e+00 1.002260621004571028e+00 1.002205506946193037e+00 1.002164032319631692e+00 1.002134375476887440e+00 1.002116210938769791e+00 1.002110032558678698e+00
1.003937655527159079e+00 1.003609577217805970e+00 1.003307944478936120e+00 1.003052204468845243e+00 1.002841121753650366e+00 1.002663983336297582e+00 1.002517980221476090e+00 1.002400663464681818e+00 1.002308319049350471e+00 1.002236861877556562e+00 1.002182289221393852e+00 1.002141222542318966e+00 1.002111857703740228e+00 1.002093872144643516e+00 1.002087754664719776e+00
1.003897899537116389e+00 1.003572934627695590e+00 1.003274180579339481e+00 1.003020893282851933e+00 1.002811843710461615e+00 1.002636418087280656e+00 1.002491831520787136e+00 1.002375656308998053e+00 1.002284212628070659e+00 1.002213453832303980e+00 1.002159415381090879e+00 1.002118751211897640e+00 1.002089674477360415e+00 1.002071865503365355e+00 1.002065808108436373e+00
1.003858688703648250e+00 1.003536800089764869e+00 1.003240889735535823e+00 1.002990024838688043e+00 1.002782982939214751e+00 1.002609248410704312e+00 1.002466060278301097e+00 1.002351011903246825e+00 1.002260457281237249e+00 1.002190387766313195e+00 1.002136876537404797e+00 1.002096609601802024e+00 1.002067817186443888e+00 1.002050182474198969e+00 1.002044184373089841e+00
1.003820006999605496e+00 1.003501158952635475e+00 1.003208058549477144e+00 1.002959586790997282e+00 1.002754527956238650e+00 1.002582463541040303e+00 1.002440656316948564e+00 1.002326720540898997e+00 1.002237043671247996e+00 1.002167654626582971e+00 1.002114663854181575e+00 1.002074789038787106e+00 1.002046277274107222e+00 1.002028814571483961e+00 1.002022874997238411e+00
1.003781838251589953e+00 1.003465996459744547e+00 1.003175673551836233e+00 1.002929566749023227e+00 1.002726467251821019e+00 1.002556052701547795e+00 1.002415609459684775e+00 1.002302772523829377e+00 1.002213962475088094e+00 1.002145245379231886e+00 1.002092768517698351e+00 1.002053280874445784e+00 1.002025046209978898e+00 1.002007753337078144e+00 1.002001871547296474e+00
1.003744166058151199e+00 1.003431297677831235e+00 1.003143721139475586e+00 1.002899952221325552e+00 1.002698789240650701e+00 1.002530005059336426e+00 1.002390909488233284e+00 1.002279158123931424e+00 1.002191204348152676e+00 1.002123150974998156e+00 1.002071181703425795e+00 1.002032076452908038e+00 1.002004115458562605e+00 1.001986990309124304e+00 1.001981165586440126e+00
1.003706973694716620e+00 1.003397047413962406e+00 1.003112187503018227e+00 1.002870730551853828e+00 1.002671482204600339e+00 1.002504309673558414e+00 1.002366546095585731e+00 1.002255867538978329e+00 1.002168759882687388e+00 1.002101362309636201e+00 1.002049894537894836e+00 1.002011167073801445e+00 1.001983476442973364e+00 1.001966516986259270e+00 1.001960748638973886e+00
1.003670244002117240e+00 1.003363230118378802e+00 1.003081058542166559e+00 1.002841888845313445e+00 1.002644534226011963e+00 1.002478955435079921e+00 1.002342508830752932e+00 1.002232890841333157e+00 1.002146619559537211e+00 1.002079870177971399e+00 1.002028898054484252e+00 1.001990543949326629e+00 1.001963120502924465e+00 1.001946324786154641e+00 1.001940612149061938e+00
1.003633959254727870e+00 1.003329829769702641e+00 1.003050319765772080e+00 1.002813413879198645e+00 1.002617933109160475e+00 1.002453930995536924e+00 1.002318787033855907e+00 1.002210217917743007e+00 1.002124773691552617e+00 1.002058665220040945e+00 1.002008183141617659e+00 1.001970198153981029e+00 1.001943038845533929e+00 1.001926404996982933e+00 1.001920747432417214e+00
1.003598101003121190e+00 1.003296829738099971e+00 1.003019956172835236e+00 1.002785291999147343e+00 1.002591666286908545e+00 1.002429224683092812e+00 1.002295369759118371e+00 1.002187838397966990e+00 1.002103212356536321e+00 1.002037737857317090e+00 1.001987740481447009e+00 1.001950120565071378e+00 1.001923222487131282e+00 1.001906748720011509e+00 1.001901145619160882e+00
1.003562649884679914e+00 1.003264212620699203e+00 1.002989952109502925e+00 1.002757508993290303e+00 1.002565720708721742e+00 1.002404824401446737e+00 1.002272245682610308e+00 1.002165741569320589e+00 1.002081925317007016e+00 1.002017078216422163e+00 1.001967560476535679e+00 1.001930301791601474e+00 1.001903662183706967e+00 1.001887346801002776e+00 1.001881797585545630e+00
1.003527585393636290e+00 1.003231960041881976e+00 1.002960291095656986e+00 1.002730049939988044e+00 1.002540082705046576e+00 1.002380717507604713e+00 1.002249402990655902e+00 1.002143916273364077e+00 1.002060901923233827e+00 1.001996676036973621e+00 1.001947633161315299e+00 1.001910732088411748e+00 1.001884348346951725e+00 1.001868189747408211e+00 1.001862693871541587e+00
1.003492885599351236e+00 1.003200052408737220e+00 1.002930955612687303e+00 1.002702899021582716e+00 1.002514737821506241e+00 1.002356890662520650e+00 1.002226829243532569e+00 1.002122350779767412e+00 1.002040130994895417e+00 1.001976520559144657e+00 1.001927948094080145e+00 1.001891401251465696e+00 1.001865270941873387e+00 1.001849267627403783e+00 1.001843824580352704e+00
1.003458526798025163e+00 1.003168468608845343e+00 1.002901926841319069e+00 1.002676039294412735e+00 1.002489670614240769e+00 1.002333329646805327e+00 1.002204511207356763e+00 1.002101032630783539e+00 1.002019600675202460e+00 1.001956600385095486e+00 1.001908494223903601e+00 1.001872298488841961e+00 1.001846419360674423e+00 1.001830569945523663e+00 1.001825179254643761e+00
1.003424483078028562e+00 1.003137185633198092e+00 1.002873184334591716e+00 1.002649452402029073e+00 1.002464864394779109e+00 1.002310019131060326e+00 1.002182434644632414e+00 1.002079948447528013e+00 1.001999298249233838e+00 1.001936903306442028e+00 1.001889259724965786e+00 1.001853412260151455e+00 1.001827782265774847e+00 1.001812085487875148e+00 1.001806746722500918e+00
1.003390725772050907e+00 1.003106178101013768e+00 1.002844705605835163e+00 1.002623118213940456e+00 1.002440300908729265e+00 1.002286942386695134e+00 1.002160584050573400e+00 1.002059083686150931e+00 1.001979209915325741e+00 1.001917416087166002e+00 1.001870231788111631e+00 1.001834730074523172e+00 1.001809347392344174e+00 1.001793802127436406e+00 1.001788514903665606e+00
1.003357222759388767e+00 1.003075417654609947e+00 1.002816465604033924e+00 1.002597014365683492e+00 1.002415959926759470e+00 1.002264080917855571e+00 1.002138942317547077e+00 1.002038422327582445e+00 1.001959320494204997e+00 1.001898124187434735e+00 1.001851396355698753e+00 1.001816238233637968e+00 1.001791101297133668e+00 1.001775706576418123e+00 1.001770470563092319e+00
1.003323937567516033e+00 1.003044872180197888e+00 1.002788436038286379e+00 1.002571115666632817e+00 1.002391818717998317e+00 1.002241413987585483e+00 1.002117490303126690e+00 1.002017946478185539e+00 1.001939613054634748e+00 1.001879011408172149e+00 1.001832737780378180e+00 1.001797921501059507e+00 1.001773029035277318e+00 1.001757784067606627e+00 1.001752598993830956e+00
1.003290828201441220e+00 1.003014504792515860e+00 1.002760584497493834e+00 1.002545393328299728e+00 1.002367851363817230e+00 1.002218918000377545e+00 1.002096206267253597e+00 1.001997635849422918e+00 1.001920068425659949e+00 1.001860059427980287e+00 1.001814238380539512e+00 1.001779762671441754e+00 1.001755113739239755e+00 1.001740017939237948e+00 1.001734883603910831e+00
1.003257845598810372e+00 1.002984272494675144e+00 1.002732873288344706e+00 1.002519813945617289e+00 1.002344027851926445e+00 1.002196565687043295e+00 1.002075065129201192e+00 1.001977467070935157e+00 1.001900664552703102e+00 1.001841247191816553e+00 1.001795877853457251e+00 1.001761742001841426e+00 1.001737336062991757e+00 1.001722389086999065e+00 1.001717305370994682e+00
1.003224931562690436e+00 1.002954124384556556e+00 1.002705257879870082e+00 1.002494338133152363e+00 1.002320312863506535e+00 1.002174325013307499e+00 1.002054037472655867e+00 1.001957412770737355e+00 1.001881375635351512e+00 1.001822550092404285e+00 1.001777632489456282e+00 1.001743836450211367e+00 1.001719673437730052e+00 1.001704875230227998e+00 1.001699842112127703e+00
1.003192015953253691e+00 1.002923999217564255e+00 1.002677684789352153e+00 1.002468918671173270e+00 1.002296664124218362e+00 1.002152157695807011e+00 1.002033088192807675e+00 1.001937440324379702e+00 1.001862170954785025e+00 1.001803938856954401e+00 1.001759474103159020e+00 1.001726018639721660e+00 1.001702099059613715e+00 1.001687449913893913e+00 1.001682467490550676e+00
1.003159012808601425e+00 1.002893822038890992e+00 1.002650088660264283e+00 1.002443497942584028e+00 1.002273030124051667e+00 1.002130017149778451e+00 1.002012174625117380e+00 1.001917510124743060e+00 1.001843013251728420e+00 1.001785378007063354e+00 1.001741368554933898e+00 1.001708255425920902e+00 1.001684580489295762e+00 1.001670081127825851e+00 1.001665149641601582e+00
1.003125814886534295e+00 1.002863499442958384e+00 1.002622388147560439e+00 1.002418004322658707e+00 1.002249346904805938e+00 1.002107845596990066e+00 1.001991243908024298e+00 1.001897573143217812e+00 1.001823856439878258e+00 1.001766823687512797e+00 1.001723273666351943e+00 1.001690505876571491e+00 1.001667077677347528e+00 1.001652729359873595e+00 1.001647849235280052e+00
1.003092285824629393e+00 1.002832912760848183e+00 1.002594480001826494e+00 1.002392346986517691e+00 1.002225533438260374e+00 1.002085569903936380e+00 1.001970229187028716e+00 1.001877567418917758e+00 1.001804642313894655e+00 1.001748220540083167e+00 1.001705136218576708e+00 1.001672718362589753e+00 1.001649540120743254e+00 1.001635344792273896e+00 1.001630516686133676e+00
1.003058248615479986e+00 1.002801908039476775e+00 1.002566230362597732e+00 1.002366408263485109e+00 1.002201484818314947e+00 1.002063095449718499e+00 1.001949044020315593e+00 1.001857412883521370e+00 1.001785295696008937e+00 1.001729497094104193e+00 1.001686887526211711e+00 1.001654826268092213e+00 1.001631902669372520e+00 1.001617863166866407e+00 1.001613088038371124e+00
1.003023468214569336e+00 1.002770280907313794e+00 1.002537461599675384e+00 1.002340032075361043e+00 1.002177061961398774e+00 1.002040296845252643e+00 1.001927573909210833e+00 1.001837003524493896e+00 1.001765717085108642e+00 1.001710558783996063e+00 1.001668436731767864e+00 1.001636741490668170e+00 1.001614079172097771e+00 1.001600199519868228e+00 1.001595478730716637e+00
1.002987624494130481e+00 1.002737753016438971e+00 1.002507931812547159e+00 1.002313005910847599e+00 1.002152075539322507e+00 1.002017003448498089e+00 1.001905663074417419e+00 1.001816195145510235e+00 1.001745771173235600e+00 1.001691277039373773e+00 1.001649660326993985e+00 1.001618344283259132e+00 1.001595952545737633e+00 1.001582238389081558e+00 1.001577573850477521e+00
1.002950268702243797e+00 1.002703934070160452e+00 1.002477301749421068e+00 1.002285031711718455e+00 1.002126260009341907e+00 1.001992975937871844e+00 1.001883093058286267e+00 1.001794785553484779e+00 1.001725268250832634e+00 1.001671471614945297e+00 1.001630385178186478e+00 1.001599466796539994e+00 1.001577358683857888e+00 1.001563817945726020e+00 1.001559212341000427e+00
1.002910750478229085e+00 1.002668258069952634e+00 1.002445079186447652e+00 1.002255676863806011e+00 1.002099229855313300e+00 1.001967866807546903e+00 1.001859546618150132e+00 1.001772481108927915e+00 1.001703932801264463e+00 1.001650880737595006e+00 1.001610359841479170e+00 1.001579865263147351e+00 1.001558059256917987e+00 1.001544703169570782e+00 1.001540160303955318e+00
1.002868089540275509e+00 1.002629870991979866e+00 1.002410520743747924e+00 1.002224287546808812e+00 1.002070402120608383e+00 1.001941150357470667e+00 1.001834543683290946e+00 1.001748837355246335e+00 1.001681347728724303e+00 1.001629108069801433e+00 1.001589203585905974e+00 1.001559170553503630e+00 1.001537693354934477e+00 1.001524538153455657e+00 1.001520063528310578e+00
1.002820736870792206e+00 1.002587421112230093e+00 1.002372448119616344e+00 1.002189826200502676e+00 1.002038850842351447e+00 1.001911990948102904e+00 1.001807320695627057e+00 1.001723147057165919e+00 1.001656849105931002e+00 1.001605522563502548e+00 1.001566310095328705e+00 1.001536794743373981e+00 1.001515686087989909e+00 1.001502755942228262e+00 1.001498357749325052e+00
1.002766098434944242e+00 1.002538639063783377e+00 1.002328878640566634e+00 1.002150543733308918e+00 1.002003012734700160e+00 1.001878976069436433e+00 1.001776585724664326e+00 1.001694212661845551e+00 1.001629312045724696e+00 1.001579054555508108e+00 1.001540651278752136e+00 1.001511740675115725e+00 1.001491062230299267e+00 1.001478394665176408e+00 1.001474085625204680e+00
1.002699501201285370e+00 1.002479420296890966e+00 1.002276213394631021e+00 1.002103255768141299e+00 1.001960034843664582e+00 1.001839522817804307e+00 1.001739972560737435e+00 1.001659838023857718e+00 1.001596671620383905e+00 1.001547739003265880e+00 1.001510337380296489e+00 1.001482174665425440e+00 1.001462027881621975e+00 1.001449684658542116e+00 1.001445485713095440e+00
1.002611700704216791e+00 1.002401590086736016e+00 1.002207241044966501e+00 1.002041549253430697e+00 1.001904147931876432e+00 1.001788390275180962e+00 1.001692666677774790e+00 1.001615544809751901e+00 1.001554709841636193e+00 1.001507556656567877e+00 1.001471499267276410e+00 1.001444339568620334e+00 1.001424905444650681e+00 1.001412996825769230e+00 1.001408945374331783e+00
1.002482070391488955e+00 1.002286679771011491e+00 1.002105483955595400e+00 1.001950630981806256e+00 1.001821940465098093e+00 1.001713316427612188e+00 1.001623344290941020e+00 1.001550755686966498e+00 1.001493431533692524e+00 1.001448959178144138e+00 1.001414927537865207e+00 1.001389279626071493e+00 1.001370919749843935e+00 1.001359666273585081e+00 1.001355837165481377e+00
1.002257649106141901e+00 1.002085991766585416e+00 1.001926419662092060e+00 1.001789693294088623e+00 1.001675778804494321e+00 1.001579397079915390e+00 1.001499389768517156e+00 1.001434715514922358e+00 1.001383557360859600e+00 1.001343814946013211e+00 1.001313369890020732e+00 1.001290405565723240e+00 1.001273956211996108e+00 1.001263869361610492e+00 1.001260436437746426e+00
1.001798663835178349e+00 1.001662129657429734e+00 1.001536236557319270e+00 1.001429143450946802e+00 1.001340448848302200e+00 1.001265766249631373e+00 1.001204009832217912e+00 1.001154237438107275e+00 1.001114955093230341e+00 1.001084488874276257e+00 1.001061177976361183e+00 1.001043610057118283e+00 1.001031033788297053e+00 1.001023324966590522e+00 1.001020701883727160e+00
