5.999999999999999778e-01
6.421052631578947345e-01
6.842105263157894912e-01
7.263157894736842479e-01
7.684210526315788936e-01
8.105263157894736503e-01
8.526315789473684070e-01
8.947368421052630527e-01
9.368421052631579204e-01
9.789473684210525661e-01
1.021052631578947434e+00
1.063157894736842080e+00
1.105263157894736725e+00
1.147368421052631593e+00
1.189473684210526239e+00
1.231578947368420884e+00
1.273684210526315752e+00
1.315789473684210620e+00
1.357894736842105265e+00
1.399999999999999911e+00
