-1.303560264113950096e+00
-1.071935862133498452e+00
-8.840600644115769180e-01
-7.231860492726538414e-01
-5.825546972277305668e-01
-4.583983415420767038e-01
-3.466248316009311603e-01
-2.429639989749811380e-01
-1.441085489665449582e-01
-4.777510108348122925e-02
4.777510108924129528e-02
1.441085498558731526e-01
2.429639633373771868e-01
3.466248312827525102e-01
4.583983400970986222e-01
5.825546936665065845e-01
7.231860498702353812e-01
8.840600612076027209e-01
1.071935859844569183e+00
1.303560264654974210e+00
