3.465785858413053533e-02
4.650543983582042934e-02
5.922009107617835083e-02
7.274213346273404601e-02
8.619684439705758983e-02
9.795577451637813016e-02
1.069497498451975337e-01
1.131770028201543460e-01
1.170440027802312627e-01
1.188921148193340105e-01
1.188921148193148036e-01
1.170440130457018335e-01
1.131772065691389051e-01
1.069497469787257793e-01
9.795577443517620997e-02
8.619684453823613091e-02
7.274213342340234145e-02
5.922009104132231611e-02
4.650543978953433633e-02
3.465785856452640451e-02
