-1.455394297917613627e-02 -1.425371911931880634e-02 -1.381650850797360233e-02 -1.321101485258422033e-02 -1.246765769157670220e-02 -1.159322987117491870e-02 -1.058833558857205648e-02 -9.469396999863592679e-03 -8.258563027195922612e-03 -6.978470183575636102e-03 -5.648861807044686101e-03 -4.280066088112318562e-03 -2.877768575282574782e-03 -1.447443195005077487e-03 3.569101739972144906e-10
-1.389466030131194726e-02 -1.345198818088837872e-02 -1.286818953289917654e-02 -1.214364588325370087e-02 -1.130901474540822391e-02 -1.037817311773086768e-02 -9.365545890581368493e-03 -8.290271017324636615e-03 -7.169404682461822179e-03 -6.016274200097072866e-03 -4.840671518437922316e-03 -3.647397288099762068e-03 -2.440430138511921060e-03 -1.223159471251714873e-03 3.012123679137596580e-10
-1.303157328316376443e-02 -1.245296606381801618e-02 -1.174753746662071489e-02 -1.093949839208675605e-02 -1.005947385078612838e-02 -9.123182932560180633e-03 -8.148427224848575276e-03 -7.150917723888712552e-03 -6.140889171414920522e-03 -5.124031796108289780e-03 -4.103322628629410204e-03 -3.079346662015626946e-03 -2.053578310783690363e-03 -1.026962869770252102e-03 2.526934020847030051e-10
-1.218735544930977036e-02 -1.151412229499816642e-02 -1.073611108015693275e-02 -9.889509361787850866e-03 -9.003730765621092286e-03 -8.092553378126445679e-03 -7.171866275397550949e-03 -6.253026577482083924e-03 -5.341251222819861505e-03 -4.437600834477779289e-03 -3.541213021056470456e-03 -2.650027235268173111e-03 -1.763478166221426561e-03 -8.806714463917562127e-04 2.165927246788044382e-10
-1.140688390280492244e-02 -1.067080196845643023e-02 -9.852408600907787070e-03 -8.993525433492756058e-03 -8.121276941944907679e-03 -7.246323250791715347e-03 -6.381539869561565423e-03 -5.534535351737267933e-03 -4.706939141094128830e-03 -3.896797497727739253e-03 -3.100843301593755874e-03 -2.315305522015200304e-03 -1.538189979718721867e-03 -7.673681780046431866e-04 1.886596627813985921e-10
-1.069322897835966318e-02 -9.916678625055382404e-03 -9.078565798737026418e-03 -8.222925172045598974e-03 -7.374010241832754629e-03 -6.539180356289175586e-03 -5.728276590029929456e-03 -4.945822281734247802e-03 -4.190792219606588598e-03 -3.459153628431676022e-03 -2.746050878808985966e-03 -2.046596621874661060e-03 -1.357831099050345065e-03 -6.768233066204334784e-04 1.663513248016560301e-10
-1.004156951567309122e-02 -9.240652922835431576e-03 -8.396672909758876729e-03 -7.553896297737947192e-03 -6.733473168995346599e-03 -5.939629035746816187e-03 -5.179427848018925383e-03 -4.454868123312032309e-03 -3.762921694524602560e-03 -3.098089853651994196e-03 -2.454455747060609906e-03 -1.826416116168540042e-03 -1.210376716135902735e-03 -6.029024234015147986e-04 1.481477192691278476e-10
-9.446065198388763767e-03 -8.632623585131404126e-03 -7.792324184065809248e-03 -6.968473950911106135e-03 -6.179103745437457447e-03 -5.425599360346419070e-03 -4.712574969150887770e-03 -4.039970091969826219e-03 -3.403238229407790777e-03 -2.795847650231502498e-03 -2.211183667427766945e-03 -1.643204761541593563e-03 -1.087916459251967154e-03 -5.415849753625377088e-04 1.330540000322286667e-10
-8.901181548020182382e-03 -8.084021992641823168e-03 -7.254042385565553919e-03 -6.452872473648335952e-03 -5.695538434635421393e-03 -4.980920168770952734e-03 -4.311513804036375130e-03 -3.685588586794614260e-03 -3.097452531302737587e-03 -2.539858152433579087e-03 -2.005751064199792245e-03 -1.488846270541309674e-03 -9.849142659296193994e-04 -4.900636966127147783e-04 1.203761416485709835e-10
-8.401901810366036241e-03 -7.587593229715154999e-03 -6.772522359432379263e-03 -5.996227262028002401e-03 -5.270918737295473243e-03 -4.593305010453546666e-03 -3.964075701179197234e-03 -3.380154387411815967e-03 -2.834994994057937062e-03 -2.320870857186282943e-03 -1.830473690862968609e-03 -1.357412029107234533e-03 -8.973374394986233715e-04 -4.462974483583835822e-04 1.096098535074921039e-10
-7.943720343003739595e-03 -7.137144639188284546e-03 -6.340091425443132936e-03 -5.589791852210733610e-03 -4.895869235477446312e-03 -4.253175897169982934e-03 -3.660876747697615168e-03 -3.114820077551723639e-03 -2.607834879325645998e-03 -2.131892960457828536e-03 -1.679566418640088916e-03 -1.244453362470783172e-03 -8.221676138597168058e-04 -4.087609979759223699e-04 1.003785196653900282e-10
-7.522598903955480046e-03 -6.727350412685021569e-03 -5.950341968949882619e-03 -5.226415132818474849e-03 -4.562848733849354105e-03 -3.952927786511486324e-03 -3.394541700468227743e-03 -2.882687821311655067e-03 -2.409750680444002792e-03 -1.967534148408891896e-03 -1.548587600150807013e-03 -1.146565465705793804e-03 -7.571001186870788538e-04 -3.762914949207140096e-04 9.239515160779830164e-11
-7.134920941756236687e-03 -6.353604465708296255e-03 -5.597872860756069116e-03 -4.900183285905525613e-03 -4.265713188809826251e-03 -3.686438416888366057e-03 -3.159189954786163941e-03 -2.678299578367668299e-03 -2.235849343868516383e-03 -1.823575430192175091e-03 -1.434073965190056903e-03 -1.061101394711623470e-03 -7.003471857103885090e-04 -3.479881304050197119e-04 8.543753803329529106e-11
-6.777449400170432875e-03 -6.011906638150456977e-03 -5.278099297815830662e-03 -4.606162565176600415e-03 -3.999406460648139913e-03 -3.448725112775781476e-03 -2.950078139084196058e-03 -2.497284323653871721e-03 -2.082234685208252199e-03 -1.696672559594821633e-03 -1.333290084982510174e-03 -9.859762572113420220e-04 -6.505034960354994346e-04 -3.231436847950491364e-04 7.933130792632216134e-11
-6.447288217706413464e-03 -5.698771770762574469e-03 -4.987107640303242023e-03 -4.340207465327832262e-03 -3.759733265180954364e-03 -3.235695645857827093e-03 -2.763342769487346032e-03 -2.336105565094485741e-03 -1.945771173660072002e-03 -1.584145534496923195e-03 -1.244051101986904523e-03 -9.195290359984891132e-04 -6.064515080333263836e-04 -3.011963993853366455e-04 7.393798741941880177e-11
-6.141847120776806716e-03 -5.411155203242278000e-03 -4.721541472831320210e-03 -4.098813664373006024e-03 -3.543187914881684893e-03 -3.043962556963971354e-03 -2.595810179332350229e-03 -2.191876153866815710e-03 -1.823911610443752296e-03 -1.483825695840334819e-03 -1.164594418884207618e-03 -8.604228630766138763e-04 -5.672932832098173239e-04 -2.816953696129762853e-04 6.914647960998591681e-11
-5.858809441446391139e-03 -5.146390678544715026e-03 -4.478510390874315336e-03 -3.879003015646054989e-03 -3.346822555247759828e-03 -2.870702047888929083e-03 -2.444853433070023722e-03 -2.062219898050673007e-03 -1.714569105296315493e-03 -1.393942655482275673e-03 -1.093485161719820204e-03 -8.075717607215326249e-04 -5.323005169625919658e-04 -2.642752155824779894e-04 6.486678129487640889e-11
-5.596102806090057918e-03 -4.902138021653871733e-03 -4.255515956448405364e-03 -3.678232275565661465e-03 -3.168144263319536656e-03 -2.713545126207705677e-03 -2.308282993120912372e-03 -1.945166610792436936e-03 -1.616020557468409672e-03 -1.313039448077601068e-03 -1.029545503925886462e-03 -7.600860327546200747e-04 -5.008773711053437702e-04 -2.486372674547106796e-04 6.102535876774050309e-11
-5.351872575475057070e-03 -4.676338751353727868e-03 -4.050390986765193928e-03 -3.494319859841167088e-03 -3.005033744338768409e-03 -2.570492620389023316e-03 -2.184262157769450031e-03 -1.839071535023567832e-03 -1.526832986667359029e-03 -1.239908068093980827e-03 -9.718011653654626443e-04 -7.172310428647409768e-04 -4.725324757775494736e-04 -2.345354107041481163e-04 5.756161855672562302e-11
-5.124457906349867350e-03 -4.467178255867568053e-03 -3.861249402149152278e-03 -3.325386551674036368e-03 -2.855680483020464969e-03 -2.439848168653954187e-03 -2.071240983513362565e-03 -1.742552829872293573e-03 -1.445806699791000322e-03 -1.173539959556351613e-03 -9.194404643796420459e-04 -6.783957494848088902e-04 -4.468575997540057848e-04 -2.217653156445440464e-04 5.442526361751321568e-11
-4.912370280975897167e-03 -4.273053464882240957e-03 -3.686444554499799468e-03 -3.169807159864816010e-03 -2.718530605823748624e-03 -2.320164927670708907e-03 -1.967904187309353278e-03 -1.654442618307088797e-03 -1.371931025988796897e-03 -1.113087617675162771e-03 -8.717826648019929518e-04 -6.430684445892721930e-04 -4.235112342044181793e-04 -2.101561573095617511e-04 5.157427387780969539e-11
-4.714274330013970213e-03 -4.092545157661086827e-03 -3.524534436311522242e-03 -3.026170864095273968e-03 -2.592244671488577474e-03 -2.210202871599325353e-03 -1.873129741196032788e-03 -1.573748332197803367e-03 -1.304349540869446673e-03 -1.057834542329215075e-03 -8.282532845235503769e-04 -6.108178731497724721e-04 -4.022058389884289580e-04 -1.995641893591131900e-04 4.897328457835266009e-11
-4.528970761362901762e-03 -3.924394199009193125e-03 -3.374252514658134146e-03 -2.893248511765951405e-03 -2.475663287304305689e-03 -2.108894343348433065e-03 -1.785955724283094749e-03 -1.499621953825108333e-03 -1.242332527009956580e-03 -1.007171532819784669e-03 -7.883646717062680297e-04 -5.812784133342938347e-04 -3.826978477791363200e-04 -1.898677129031708531e-04 4.659234690104276951e-11
-4.355381203447606167e-03 -3.767481112423197529e-03 -3.234483190917169029e-03 -2.769965517106955013e-03 -2.367778941853847588e-03 -2.015316089107968035e-03 -1.705553606325745314e-03 -1.431335366241352942e-03 -1.185255002797110709e-03 -9.605778418639880287e-04 -7.517006044092161467e-04 -5.541383505735008111e-04 -3.647797713582163668e-04 -1.809631050341268719e-04 4.440598061898186092e-11
-4.192534774554552805e-03 -3.620808494031871501e-03 -3.104241082840687206e-03 -2.655379302555705128e-03 -2.267712809531977763e-03 -1.928666423780458746e-03 -1.631206579551007507e-03 -1.368260467614826684e-03 -1.132579071701969760e-03 -9.176060848889620262e-04 -7.179039900055005259e-04 -5.291305296717529073e-04 -3.482739109183981296e-04 -1.727616596776453085e-04 4.239237146829549583e-11
-4.039556198097156436e-03 -3.483485848316212989e-03 -2.982653478046939314e-03 -2.548660442592765290e-03 -2.174695555626700392e-03 -1.848246484080486854e-03 -1.562291881025415973e-03 -1.309853028363189764e-03 -1.083839649573164641e-03 -8.778700744852224562e-04 -6.866669721545978723e-04 -5.060248498413816125e-04 -3.330273171165628893e-04 -1.651870563759309308e-04 4.053276099809431685e-11
-3.895655295295075756e-03 -3.354716491011389308e-03 -2.868945428381535455e-03 -2.449076840005842779e-03 -2.088051378421084021e-03 -1.773444758178057117e-03 -1.498266290208334628e-03 -1.255639509138306402e-03 -1.038632852121739759e-03 -8.410349503036459399e-04 -6.577229219004842448e-04 -4.846221990171561988e-04 -3.189077206005209867e-04 -1.581733183146153668e-04 3.881092531155007861e-11
-3.760117700169739348e-03 -3.233786218640353864e-03 -2.762427050618633442e-03 -2.355980396796093085e-03 -2.007184684041291457e-03 -1.703724256747904614e-03 -1.438654168481367027e-03 -1.205206236306568613e-03 -9.966064914951990646e-04 -8.068091228350894508e-04 -6.308399138292908933e-04 -4.647495204216398968e-04 -3.058002257272754735e-04 -1.516631543810988754e-04 3.721278176110374770e-11
-3.632296655884976241e-03 -3.120053489674031594e-03 -2.662482676165863187e-03 -2.268795745803069142e-03 -1.931568912959924066e-03 -1.638611824866115403e-03 -1.383037545526895730e-03 -1.158190466031285308e-03 -9.574522557055974506e-04 -7.749376600088490712e-04 -6.058153806725528326e-04 -4.462557759960159281e-04 -2.936046080406894024e-04 -1.456066047952176519e-04 3.572605257649990695e-11
-3.511605765527555517e-03 -3.012940900777715848e-03 -2.568561554867893407e-03 -2.187010691261474359e-03 -1.860737133036342254e-03 -1.577689197893084906e-03 -1.331047862924930429e-03 -1.114272970116764183e-03 -9.208992389581093559e-04 -7.451968286420085786e-04 -5.824717090506222397e-04 -4.290086248921071719e-04 -2.822330925483889350e-04 -1.399599283136326628e-04 3.433998758440385892e-11
-3.397512583927465076e-03 -2.911927774123240255e-03 -2.480169868741242088e-03 -2.110168071844336843e-03 -1.794274089233610517e-03 -1.520585484932721661e-03 -1.282359066514803273e-03 -1.073171854801500567e-03 -8.867085626549080658e-04 -7.173895657459019746e-04 -5.606525914196470051e-04 -4.128916756151811249e-04 -2.716085172881618553e-04 -1.346846828906175754e-04 3.304514100241791160e-11
-3.289532949761520692e-03 -2.816543699254829732e-03 -2.396863852874202630e-03 -2.037858811999628591e-03 -1.731809459512047506e-03 -1.466970826266854148e-03 -1.236681801946487623e-03 -1.034637383758264459e-03 -8.546688818072291751e-04 -6.913417027693787627e-04 -5.402199891495843833e-04 -3.978022010893224368e-04 -2.616628074930294899e-04 -1.297469621954648253e-04 3.183317998613646129e-11
-3.187225968807825757e-03 -2.726362896272480248e-03 -2.318243854627932872e-03 -1.969715969369001222e-03 -1.673012113472009546e-03 -1.416551020485657276e-03 -1.193758516852883467e-03 -9.984476231043629916e-04 -8.245926139808374940e-04 -6.668988028100037747e-04 -5.210515922196646069e-04 -3.836492293899508403e-04 -2.523357015682710499e-04 -1.251167584143421374e-04 3.069672822105144889e-11
-3.090189569762893246e-03 -2.640999286797022973e-03 -2.243949190123392581e-03 -1.905409619952928672e-03 -1.617585207834025323e-03 -1.369062955978941724e-03 -1.153359311492868459e-03 -9.644047625125956851e-04 -7.963127608073130659e-04 -6.439234994134688259e-04 -5.030386846006888865e-04 -3.703519409675831405e-04 -2.435736823267143020e-04 -1.207674279341990130e-04 2.962924233661699561e-11
-2.998056563501882987e-03 -2.560102175860706937e-03 -2.173653679942045593e-03 -1.844642450131641015e-03 -1.565261982883218257e-03 -1.324270712361368682e-03 -1.115278409999835010e-03 -9.323319949682283602e-04 -7.696802177928566829e-04 -6.222932478379535016e-04 -4.860843427088429292e-04 -3.578383172028994433e-04 -2.353290764002401343e-04 -1.166752412793294866e-04 2.862489562330221667e-11
-2.910491145100178693e-03 -2.483352461996230637e-03 -2.107061764921921293e-03 -1.787145946970448637e-03 -1.515802148164797176e-03 -1.281962222056455243e-03 -1.079331148369580291e-03 -9.020708601538415328e-04 -7.445614883423896675e-04 -6.018984170905506987e-04 -4.701019086266934209e-04 -3.460439960659942595e-04 -2.275592921243328422e-04 -1.128190023872821225e-04 2.767848328119642540e-11
-2.827185785409735801e-03 -2.410459304772768433e-03 -2.043905118629658554e-03 -1.732677096455200122e-03 -1.468988765230794160e-03 -1.241946402018023754e-03 -1.045351394435555100e-03 -8.734789742295650909e-04 -7.208367338598737836e-04 -5.826406647706332265e-04 -4.550136910342017461e-04 -3.349112992312556786e-04 -2.202261719763368055e-04 -1.091797252213044838e-04 2.678533707400218367e-11
-2.747858465576144202e-03 -2.341157189185748624e-03 -1.983939686126142982e-03 -1.681015514223738790e-03 -1.424625551063334831e-03 -1.204050681468120994e-03 -1.013189330376167889e-03 -8.464280829462056573e-04 -6.983981044443839450e-04 -5.644315476260456429e-04 -4.407498556809336522e-04 -3.243884017684451173e-04 -2.132954402065359470e-04 -1.057403580090847400e-04 2.594127180239343460e-11
-2.672250213676975565e-03 -2.275203334931370346e-03 -1.926943089496195582e-03 -1.631960945620293882e-03 -1.382534538683533477e-03 -1.168118864384133822e-03 -9.827095405974262121e-04 -8.208023863736761423e-04 -6.771483048030958784e-04 -5.471913293812571185e-04 -4.272474742925055631e-04 -3.144286209009754425e-04 -2.067362299147753224e-04 -1.024855472137389269e-04 2.514251611138549324e-11
-2.600122907741775694e-03 -2.212375405926274730e-03 -1.872712349670059518e-03 -1.585331082008144352e-03 -1.342554041984020570e-03 -1.134009275902177248e-03 -9.537893577662530636e-04 -7.964970926522878204e-04 -6.569993581027836621e-04 -5.308479543194748792e-04 -4.144497064436696238e-04 -3.049898046055057876e-04 -2.005206767037525880e-04 -9.940143478900206246e-05 2.438565522717642628e-11
-2.531257313858992913e-03 -2.152469481668681239e-03 -1.821061881641230845e-03 -1.540959648636082945e-03 -1.304536880458849728e-03 -1.101593150307696514e-03 -9.263174278251045139e-04 -7.734171655477417324e-04 -6.378715370075659433e-04 -5.153361606653945361e-04 -4.023050934559211072e-04 -2.960338042593005045e-04 -1.946235683456953186e-04 -9.647548342797355591e-05 2.366762576507473837e-11
-2.465451331959214037e-03 -2.095298257349420632e-03 -1.771821726538713119e-03 -1.498694726289272715e-03 -1.268348826612370438e-03 -1.070753225242040540e-03 -9.001924613786418516e-04 -7.514762365738592974e-04 -6.196924364318105337e-04 -5.005967123092534268e-04 -3.907669470261403068e-04 -2.875260183063683820e-04 -1.890220417536292343e-04 -9.369632544548926159e-05 2.298563208468848789e-11
-2.402518425254886181e-03 -2.040689444152378983e-03 -1.724835989351979765e-03 -1.458397274725675968e-03 -1.233867244699027570e-03 -1.041382512467454308e-03 -8.753221442071397115e-04 -7.305956573226825117e-04 -6.023961668295645371e-04 -4.865757310579811286e-04 -3.797928182480927615e-04 -2.794349961495169407e-04 -1.836953200480393898e-04 -9.105363168627950740e-05 2.233713215832674355e-11
-2.342286212275384617e-03 -1.988484345053887804e-03 -1.679961455606040306e-03 -1.419939830714254166e-03 -1.200979894310326554e-03 -1.013383220242242491e-03 -8.516221840638335235e-04 -7.107036716306173616e-04 -5.859226503453551565e-04 -4.732241145688187954e-04 -3.693440350924615629e-04 -2.717320932929014055e-04 -1.786244837272034510e-04 -8.853799746141703415e-05 2.171982116553291921e-11
-2.284595203017143836e-03 -1.938536584741115589e-03 -1.637066364083045135e-03 -1.383205357520693804e-03 -1.169583876368901574e-03 -9.866658062528559960e-04 -8.290154745403198033e-04 -6.917346904858173414e-04 -5.702170050216466514e-04 -4.604970275496051541e-04 -3.593852983747362027e-04 -2.643911702423964029e-04 -1.737922709422299748e-04 -8.614084301309853575e-05 2.113160387808678113e-11
-2.229297662979877470e-03 -1.890710975104962143e-03 -1.596029315902114908e-03 -1.348086226067691552e-03 -1.139584702461545005e-03 -9.611481432817432346e-04 -8.074313597829719169e-04 -6.736286552829599556e-04 -5.552290046199846989e-04 -4.483534558046908336e-04 -3.498843278508439797e-04 -2.573883288863696860e-04 -1.691829026908223804e-04 -8.385432641506530632e-05 2.057053243345821841e-11
-2.176256590824157504e-03 -1.844882500195951444e-03 -1.556738302996275424e-03 -1.314483310841846591e-03 -1.110895471263281201e-03 -9.367547824811388400e-04 -7.868049863312306632e-04 -6.563304772666776754e-04 -5.409126035624410751e-04 -4.367558143497263668e-04 -3.408115514064748966e-04 -2.507016810788996420e-04 -1.647819294120630106e-04 -8.167126715059674046e-05 2.003485340846235286e-11
-2.125344797099902074e-03 -1.800935406621857315e-03 -1.519089841343800561e-03 -1.282305186019371207e-03 -1.083436138170610491e-03 -9.134163013706903499e-04 -7.670767304197128851e-04 -6.397895428603942065e-04 -5.272255181158348302e-04 -4.256696021791088707e-04 -3.321398314018878320e-04 -2.443111449728592780e-04 -1.605760960161699248e-04 -7.958507888606107235e-05 1.952294662917178020e-11
-2.076444072992531930e-03 -1.758762387164687115e-03 -1.482988196286401600e-03 -1.251467409312949017e-03 -1.057132866252228492e-03 -8.910687255600473330e-04 -7.481916908157153342e-04 -6.239592761234530891e-04 -5.141288562846963416e-04 -4.150630973995712305e-04 -3.238442231431186728e-04 -2.381982653344721251e-04 -1.565532228399271514e-04 -7.758971018666960967e-05 1.903333562657363363e-11
-2.029444439341582251e-03 -1.718263846945204546e-03 -1.448344688952889160e-03 -1.221891882763277747e-03 -1.031917448304703940e-03 -8.696530147800299185e-04 -7.300992387129674743e-04 -6.087967508715493893e-04 -5.015867899999363905e-04 -4.049070873847142966e-04 -3.159017612069324986e-04 -2.323460546396335577e-04 -1.527021003982228326e-04 -7.567959211099585916e-05 1.856465356945136990e-11
-1.984243467330437487e-03 -1.679347242801760339e-03 -1.415077074249761115e-03 -1.193506281162115719e-03 -1.007726791220988488e-03 -8.491146051397590374e-04 -7.127526174200576620e-04 -5.942623460789281256e-04 -4.895662641284962910e-04 -3.951746293920366791e-04 -3.082912699788363043e-04 -2.267388522273149868e-04 -1.490123961189602673e-04 -7.384959177933121709e-05 1.811563341485042278e-11
-1.940745663247038684e-03 -1.641926487707607088e-03 -1.383108982116936034e-03 -1.166243540040181595e-03 -9.845024550841859935e-04 -8.294030006542282320e-04 -6.961085856083006453e-04 -5.803194390920930193e-04 -4.780367376171063801e-04 -3.858408377441103891e-04 -3.009931952928649921e-04 -2.213621991828152737e-04 -1.454745715136182061e-04 -7.209497114317046972e-05 1.768510986987524562e-11
-1.898861910592063076e-03 -1.605921413053285974e-03 -1.352369414809490326e-03 -1.140041396218109812e-03 -9.621902404233716698e-04 -8.104714080418996391e-04 -6.801270987514629416e-04 -5.669341319535076400e-04 -4.669699527470039246e-04 -3.768826942304948015e-04 -2.939894545068579110e-04 -2.162027269573927484e-04 -1.420798084583739561e-04 -7.041135029476281511e-05 1.727201583982832255e-11
-1.858508963580017895e-03 -1.571257282490187875e-03 -1.322792293880859903e-03 -1.114841974829905696e-03 -9.407398179413991885e-04 -7.922764096036510884e-04 -6.647710241248679921e-04 -5.540750067839135019e-04 -4.563397290368556201e-04 -3.682788788556443332e-04 -2.872633027219696203e-04 -2.112480580124350869e-04 -1.388199434480162035e-04 -6.879467474904662691e-05 1.687534269271455890e-11
-1.819608986753256698e-03 -1.537864351786801627e-03 -1.294316051331851096e-03 -1.090591417510285155e-03 -9.201043957707598451e-04 -7.747776696856870440e-04 -6.500058853564317715e-04 -5.417129067237044402e-04 -4.461217788060822397e-04 -3.600096184542037579e-04 -2.807992131725566259e-04 -2.064867170137554180e-04 -1.356874088433166815e-04 -6.724118620941205474e-05 1.649417432176609646e-11
-1.782089136021649612e-03 -1.505677469806537393e-03 -1.266883260071539940e-03 -1.067239547109531282e-03 -9.002404199525244292e-04 -7.579376708196425413e-04 -6.357996330545457849e-04 -5.298207394028327634e-04 -4.362935418143196794e-04 -3.520565510317458452e-04 -2.745827700814206093e-04 -2.019080513033389562e-04 -1.326751802665338366e-04 -6.574739639575146117e-05 1.612766719788000807e-11
-1.745881176961894049e-03 -1.474635716288795603e-03 -1.240440299426334410e-03 -1.044739564878706568e-03 -8.811073043821301834e-04 -7.417214761383681895e-04 -6.221224384926761063e-04 -5.183733003091684074e-04 -4.268340367360401672e-04 -3.444026039750123645e-04 -2.686005725040745530e-04 -1.975021595468663671e-04 -1.297767294137308440e-04 -6.431006357013349076e-05 1.577500897186700624e-11
-1.710921136669307395e-03 -1.444682072615156160e-03 -1.214937051945376087e-03 -1.023047776568091535e-03 -8.626671869377868776e-04 -7.260965150999360886e-04 -6.089465077199700911e-04 -5.073471137671541238e-04 -4.177237275229903090e-04 -3.370318845200887979e-04 -2.628401478808993367e-04 -1.932598276014114340e-04 -1.269859816496801675e-04 -6.292617144395618641e-05 1.543546631601623023e-11
-1.677148985859431467e-03 -1.415763122179581343e-03 -1.190326628195383530e-03 -1.002123344314428911e-03 -8.448847089142335872e-04 -7.110323899253038560e-04 -5.962459138016372451e-04 -4.967202895319309565e-04 -4.089444029582608954e-04 -3.299295810757740506e-04 -2.572898741824180321e-04 -1.891724707722725757e-04 -1.242972778338531116e-04 -6.159291019163444004e-05 1.510834941079479464e-11
-1.644508348273517918e-03 -1.387828777364320289e-03 -1.166565116625349185e-03 -9.819280615676192429e-04 -8.277268152364914691e-04 -6.965007004767361475e-04 -5.839964451805277875e-04 -4.864723932562004449e-04 -4.004790679213932536e-04 -3.230818741785322070e-04 -2.519389096760859224e-04 -1.852320817346985089e-04 -1.217053398971689241e-04 -6.030765933142625179e-05 1.479301118905935185e-11
-1.612946234757304392e-03 -1.360832030458741836e-03 -1.143611355919145608e-03 -9.624261486332170122e-04 -8.111625732326024820e-04 -6.824748855820882100e-04 -5.721754683993903086e-04 -4.765843293038756205e-04 -3.923118450692556262e-04 -3.164758560093699764e-04 -2.467771294653844840e-04 -1.814311834879569975e-04 -1.192052397499307047e-04 -5.906797226444910817e-05 1.448885740325395024e-11
-1.582412799661098027e-03 -1.334728726153098892e-03 -1.121426727549122314e-03 -9.435840666905238958e-04 -7.951630080088646114e-04 -6.689300790502985140e-04 -5.607618036377668000e-04 -4.670382345720004648e-04 -3.844278857975251843e-04 -3.100994575356704158e-04 -2.417950680579091329e-04 -1.777627867879899397e-04 -1.167923711539014251e-04 -5.787156228880041607e-05 1.419532520298269648e-11
-1.552861117456062019e-03 -1.309477353498320106e-03 -1.099974966502104568e-03 -9.253703483933432665e-04 -7.797009527006823742e-04 -6.558429788324436063e-04 -5.497356117031614118e-04 -4.578173821443106729e-04 -3.768132894855720006e-04 -3.039413824554397774e-04 -2.369838673100569618e-04 -1.742203515732231934e-04 -1.144624242366334830e-04 -5.671628992869810521e-05 1.391188860384026193e-11
-1.524246977680276081e-03 -1.285038855451179143e-03 -1.079221988375264011e-03 -9.077554433761364765e-04 -7.647509120723167825e-04 -6.431917279639284921e-04 -5.390782912772672979e-04 -4.489060937403222548e-04 -3.694550301474303208e-04 -2.979910472207091682e-04 -2.323352291750864506e-04 -1.707977519566059076e-04 -1.122113623652428740e-04 -5.560015143753065678e-05 1.363804356897874225e-11
-1.496528696522199300e-03 -1.261376454325476145e-03 -1.059135731238067171e-03 -8.907115771773038660e-04 -7.502889381134942182e-04 -6.309558060813358956e-04 -5.287723853582884095e-04 -4.402896600457397022e-04 -3.623408897151383186e-04 -2.922385265026986468e-04 -2.278413727494125291e-04 -1.674892444082008399e-04 -1.100354011306236711e-04 -5.452126835099789867e-05 1.337333732713501911e-11
-1.469666943521606229e-03 -1.238455491647664488e-03 -1.039686010831198520e-03 -8.742126222566685805e-04 -7.362925164335831166e-04 -6.191159304455189690e-04 -5.188014959624562663e-04 -4.319542681161175424e-04 -3.554593972713055057e-04 -2.866745035360472225e-04 -2.234949951714787779e-04 -1.642894387968834300e-04 -1.079309892225859577e-04 -5.347787798087855465e-05 1.311734700850381810e-11
-1.443624582021359615e-03 -1.216243281072523861e-03 -1.020844387827208634e-03 -8.582339799297686441e-04 -7.227404623876454610e-04 -6.076539655229540055e-04 -5.091502062544248780e-04 -4.238869351384539231e-04 -3.487997736262809351e-04 -2.812902248445277743e-04 -2.192892359792619360e-04 -1.611932719980862854e-04 -1.058947910018489272e-04 -5.246832475296610927e-05 1.286966435476584310e-11
-1.418366522139899791e-03 -1.194708973153755767e-03 -1.002584046013172596e-03 -8.427524721690934266e-04 -7.096128259862266629e-04 -5.965528402828840487e-04 -4.998040093696447771e-04 -4.160754479160940432e-04 -3.423518807040537549e-04 -2.760774589074913325e-04 -2.152176445775268209e-04 -1.581959838083344392e-04 -1.039236705971982827e-04 -5.149105230352723074e-05 1.262990310034972444e-11
-1.393859585156032900e-03 -1.173823430887815499e-03 -9.848796803756756403e-04 -8.277462423351636270e-04 -6.968908047436762421e-04 -5.857964724605350774e-04 -4.907492432734261029e-04 -4.085083075132288832e-04 -3.361061752611799419e-04 -2.710284583756691619e-04 -2.112741505053269075e-04 -1.552930949364541029e-04 -1.020146773754204467e-04 -5.054459625854746226e-05 1.239770393065774153e-11
-1.370072378306129218e-03 -1.153559115058875803e-03 -9.677073941743453414e-04 -8.131946639994816397e-04 -6.845566637107502149e-04 -5.753696991180541924e-04 -4.819730310731116553e-04 -4.011746785574561735e-04 -3.300536665155546817e-04 -2.661359254887586808e-04 -2.074530362285984030e-04 -1.524803868671904404e-04 -1.001650326489062707e-04 -4.962757762844997227e-05 1.217273027665458754e-11
-1.346975179090804508e-03 -1.133889978510394577e-03 -9.510446041840732792e-04 -7.990782571091667973e-04 -6.725936620171612266e-04 -5.652582129064653675e-04 -4.734632262630308029e-04 -3.940643427533190133e-04 -3.241858773083193079e-04 -2.613929803851416066e-04 -2.037489122133278121e-04 -1.497538834153664680e-04 -9.837211750046312116e-05 -4.873869675839228812e-05 1.195466203476341011e-11
-1.324539828274964685e-03 -1.114791368555407506e-03 -9.348699533694687213e-04 -7.853786108207372937e-04 -6.609859853205477019e-04 -5.554485034952102041e-04 -4.652083624372863415e-04 -3.871676562077649942e-04 -3.184948084625721740e-04 -2.567931320276291784e-04 -2.001566940608261993e-04 -1.471098338085478181e-04 -9.663346161813139614e-05 -4.787672778074938252e-05 1.174319305171669170e-11
-1.302739630842612763e-03 -1.096239936815050818e-03 -9.191632303290647081e-04 -7.720783123991942307e-04 -6.497186836208531518e-04 -5.459278036916288520e-04 -4.571976070545730121e-04 -3.804755102109020834e-04 -3.129729060385874834e-04 -2.523302514986410774e-04 -1.966715815104279873e-04 -1.445446971535117354e-04 -9.494673304438282604e-05 -4.704051352219194973e-05 1.153804724656681284e-11
-1.281549264237488977e-03 -1.078213555843836411e-03 -9.039052949125968251e-04 -7.591608816397549513e-04 -6.387776139544170230e-04 -5.366840398220654043e-04 -4.494207188824139005e-04 -3.739792951526720835e-04 -3.076130312168198571e-04 -2.479985474444486933e-04 -1.932890391353985610e-04 -1.420551281573109975e-04 -9.330972875403980410e-05 -4.622896082279483990e-05 1.133895012771875076e-11
-1.260944693283042040e-03 -1.060691241961851270e-03 -8.890780094734434744e-04 -7.466107103236601164e-04 -6.281493875313864765e-04 -5.277057859902676120e-04 -4.418680087867913274e-04 -3.676708672891618830e-04 -3.024084325677709319e-04 -2.437925434708233569e-04 -1.900047785760599522e-04 -1.396379639870873302e-04 -9.172036598448740868e-05 -4.544103622912579963e-05 1.114564846667825062e-11
-1.240903091231128135e-03 -1.043653083769212125e-03 -8.746641752705230704e-04 -7.344130062679041140e-04 -6.178213209236022062e-04 -5.189822218672104481e-04 -4.345303035668620522e-04 -3.615425181016371291e-04 -2.973527204927548895e-04 -2.397070573128734147e-04 -1.868147421702776717e-04 -1.372902121649026798e-04 -9.017667424943136441e-05 -4.467576202709042381e-05 1.095790354754375343e-11
-1.221402766439409239e-03 -1.027080175867545880e-03 -8.606474735807058754e-04 -7.225537415717156204e-04 -6.077813909489778897e-04 -5.105030937013251696e-04 -4.273989125647320087e-04 -3.555869460171695693e-04 -2.924398436412827787e-04 -2.357371816201213365e-04 -1.837150878556400658e-04 -1.350090394043256762e-04 -8.867678797462930150e-05 -4.393221258389283003e-05 1.077548613399443881e-11
-1.202423094222638796e-03 -1.010954557357455650e-03 -8.470124111246093599e-04 -7.110196047009309473e-04 -5.980181929330595763e-04 -5.022586782686242098e-04 -4.204655968071755313e-04 -3.497972302829452720e-04 -2.876640671305025210e-04 -2.318782662134223236e-04 -1.807021752304774592e-04 -1.327917613051434885e-04 -8.721893970022566380e-05 -4.320951097174394683e-05 1.059818669880048251e-11
-1.183944453463905240e-03 -9.952591547208366942e-04 -8.337442694460030310e-04 -6.997979560858558256e-04 -5.885209020592593572e-04 -4.942397495096372386e-04 -4.137225404599161266e-04 -3.441668068068596273e-04 -2.830199524091269554e-04 -2.281259016850061222e-04 -1.777725526719363240e-04 -1.306358328305689794e-04 -8.580145379984680833e-05 -4.250682584822445772e-05 1.042580260522102847e-11
-1.165948167608734818e-03 -9.799777287325538329e-04 -8.208290579185307818e-04 -6.888767869387592150e-04 -5.792792375469359330e-04 -4.864375476243869637e-04 -4.071623243964867531e-04 -3.386894457952243395e-04 -2.785023386240894055e-04 -2.244759042253699759e-04 -1.749229454195191913e-04 -1.285388394991938835e-04 -8.442274067143236166e-05 -4.182336857118145785e-05 1.025813439008686170e-11
-1.148416449698188169e-03 -9.650948250781408999e-04 -8.082534700836631726e-04 -6.782446810246996801e-04 -5.702834294210952417e-04 -4.788437504186040562e-04 -4.007779017026087405e-04 -3.333592310347404698e-04 -2.741063253615311007e-04 -2.209243015719877606e-04 -1.721502445412714929e-04 -1.264984892301721962e-04 -8.308129135942279387e-05 -4.115839052795453300e-05 1.009498954693430439e-11
-1.131332351127061538e-03 -9.505957283831317382e-04 -7.960048430506997839e-04 -6.678907791440638056e-04 -5.615241876595789428e-04 -4.714504467138222856e-04 -3.945625749541545931e-04 -3.281705406805386681e-04 -2.698272566463007726e-04 -2.174673199849734648e-04 -1.694514967077550465e-04 -1.245126047863142260e-04 -8.177567257149880172e-05 -4.051118066067655561e-05 9.936210835932619367e-12
-1.114679713840545415e-03 -9.364664193857580570e-04 -7.840711197140173535e-04 -6.578047461072241862e-04 -5.529926735235020331e-04 -4.642501116513573036e-04 -3.885099751217479863e-04 -3.231180294250253558e-04 -2.656607060949109215e-04 -2.141013721638018535e-04 -1.668238947062861079e-04 -1.225791167648008107e-04 -8.050452205685236517e-05 -3.988106317115083240e-05 9.781635415262561191e-12
-1.098443125707159905e-03 -9.226935350082923716e-04 -7.724408135646307003e-04 -6.479767400017361892e-04 -5.446804728943363972e-04 -4.572355837360783095e-04 -3.826140419689852325e-04 -3.181966119340794456e-04 -2.616024631268216083e-04 -2.108230460274191915e-04 -1.642647686340025946e-04 -1.206960570901757920e-04 -7.926654431590447942e-05 -3.926739539046426798e-05 9.631085371330381704e-12
-1.082607878828146077e-03 -9.092643311035453115e-04 -7.611029758928596241e-04 -6.383973835703440729e-04 -5.365795714572862496e-04 -4.504000434798141475e-04 -3.768690058231970131e-04 -3.134014474474360805e-04 -2.576485201477717751e-04 -2.076290942869281461e-04 -1.617715777141751163e-04 -1.188615529684306605e-04 -7.806050661425715880e-05 -3.866956579975355102e-05 9.484417405603326118e-12
-1.067159930563593012e-03 -8.961666476723520545e-04 -7.500471651967329173e-04 -6.290577375341875090e-04 -5.286823315847120983e-04 -4.437369935168576185e-04 -3.712693706088286997e-04 -3.087279254497392626e-04 -2.537950606266662495e-04 -2.045164247468699373e-04 -1.593419026852498901e-04 -1.170738212646927354e-04 -7.688523527624436225e-05 -3.808699218981803826e-05 9.341497078777271050e-12
-1.052085867073979369e-03 -8.833888763652267316e-04 -7.392634186267630150e-04 -6.199492757101924796e-04 -5.209814707865162214e-04 -4.372402400755581015e-04 -3.658098980433964627e-04 -3.041716523269281502e-04 -2.500384479946850843e-04 -2.014820912768004420e-04 -1.569734387167319998e-04 -1.153311632705585153e-04 -7.573961223554702350e-05 -3.751911994848574586e-05 9.202189842816137020e-12
-1.037372869192357359e-03 -8.709199300971781502e-04 -7.287422253124114114e-04 -6.110638617847551166e-04 -5.134700416059465814e-04 -4.309038757002058755e-04 -3.604855929048353239e-04 -2.997284389305266100e-04 -2.463752153017438390e-04 -1.985232854000671960e-04 -1.546639888101472397e-04 -1.136319598302148982e-04 -7.462257182242082617e-05 -3.696542046552220447e-05 9.066361884715183005e-12
-1.023008680457614247e-03 -8.587492146189839486e-04 -7.184745014285913358e-04 -6.023937276176691367e-04 -5.061414128500489520e-04 -4.247222631266100090e-04 -3.552916892870642586e-04 -2.953942889789734931e-04 -2.428020555711357165e-04 -1.956373284515199669e-04 -1.524114576470468607e-04 -1.119746667970006803e-04 -7.353309776906629617e-05 -3.642538964586624945e-05 8.933889633148825006e-12
-1.008981577153012822e-03 -8.468666019011933214e-04 -7.084515668725510943e-04 -5.939314529610585430e-04 -4.989892520532944985e-04 -4.186900202231734957e-04 -3.502236377678629190e-04 -2.911653882315501742e-04 -2.393158127982567950e-04 -1.928216642599783238e-04 -1.502138458493126362e-04 -1.103578107948735966e-04 -7.247022041602985858e-05 -3.589854652274350461e-05 8.804640045279218409e-12
-9.952803402066710738e-04 -8.352624051989789977e-04 -6.986651234322934726e-04 -5.856699464877572351e-04 -4.920075090817152942e-04 -4.128020059169683949e-04 -3.452770934197886229e-04 -2.870380943758798716e-04 -2.359134735442765208e-04 -1.900738523153004710e-04 -1.480692446201060941e-04 -1.087799852613351203e-04 -7.143301410430130975e-05 -3.538443196297753201e-05 8.678517692516054273e-12
-9.818942288221472938e-04 -8.239273556766576285e-04 -6.891072343375399334e-04 -5.776024280324140682e-04 -4.851904007926495380e-04 -4.070533070309483481e-04 -3.404479046005990869e-04 -2.830089275752037240e-04 -2.325921590796093741e-04 -1.873915613832515122e-04 -1.459758307365477327e-04 -1.072398467502814307e-04 -7.042059473878382208e-05 -3.488260745745552143e-05 8.555418528648475444e-12
-9.688129557176591942e-04 -8.128525804804556708e-04 -6.797703050930961914e-04 -5.697224119566454909e-04 -4.785323966722280966e-04 -4.014392259646983583e-04 -3.357321024651413422e-04 -2.790745616260513614e-04 -2.293491180359659594e-04 -1.847725635344666891e-04 -1.439318618676942391e-04 -1.057361114752747630e-04 -6.943211751042816827e-05 -3.439265399039096794e-05 8.435223405705133369e-12
-9.560266638620710123e-04 -8.020295821570395901e-04 -6.706470655026539919e-04 -5.620236915567760737e-04 -4.720282053793136952e-04 -3.959552691568852287e-04 -3.311258911454716906e-04 -2.752318156810425881e-04 -2.261817195293183106e-04 -1.822147285568174557e-04 -1.419356721934268858e-04 -1.042675520753132362e-04 -6.846677476500355464e-05 -3.391417098138902798e-05 8.317835249473107873e-12
-9.435259046043714074e-04 -7.914502193233961076e-04 -6.617305527984656622e-04 -5.545003244393623999e-04 -4.656727621303159248e-04 -3.905971362725144461e-04 -3.266256385505144776e-04 -2.714776464955853674e-04 -2.230874467190530660e-04 -1.797160187228634138e-04 -1.399856683023179135e-04 -1.028329945866396030e-04 -6.752379400778532625e-05 -3.344677529500653015e-05 8.203176185557001218e-12
-9.313016171013792669e-04 -7.811066885011480740e-04 -6.530140957990135170e-04 -5.471466187957207006e-04 -4.594612168646527387e-04 -3.853607100627761653e-04 -3.222278677402255569e-04 -2.678091411602808217e-04 -2.200638907717019754e-04 -1.772744838865428381e-04 -1.380803253478223654e-04 -1.014313156056037156e-04 -6.660243603421735583e-05 -3.299010031292180876e-05 8.091148233687471751e-12
-9.193451089556643838e-04 -7.709915070350054035e-04 -6.444913000229510018e-04 -5.399571205121273844e-04 -4.533889231355127912e-04 -3.802420468495644663e-04 -3.179292488333149537e-04 -2.642235102842224910e-04 -2.171087451999732711e-04 -1.748882568853316066e-04 -1.362181834443794946e-04 -1.000614396285737012e-04 -6.570199317729844587e-05 -3.254379506401300186e-05 7.981661356884033450e-12
-9.076480379823594936e-04 -7.610974970213748702e-04 -6.361560336932516654e-04 -5.329266010574018478e-04 -4.474514276749871357e-04 -3.752373675905202504e-04 -3.137265914105995951e-04 -2.607180815970469427e-04 -2.142198005504180876e-04 -1.725555492260569311e-04 -1.343978442860149281e-04 -9.872233655643707843e-05 -6.482178766352406671e-05 -3.210752340830548991e-05 7.874643023166673915e-12
-8.962023950295891408e-04 -7.514177701787226561e-04 -6.280024145705415334e-04 -5.260500460940697705e-04 -4.416444605865673008e-04 -3.703430494838912969e-04 -3.096168373791395242e-04 -2.572902939402659244e-04 -2.113949394149904342e-04 -1.702746470341827054e-04 -1.326179679718340020e-04 -9.741301935184145625e-05 -6.396117006944320815e-05 -3.168096327099160576e-05 7.770008239611586642e-12
-8.850004877829062335e-04 -7.419457135965170941e-04 -6.200247975592801733e-04 -5.193226447636479755e-04 -4.359639261216992270e-04 -3.655556180758861456e-04 -3.055970542650498188e-04 -2.539376916205815841e-04 -2.086321317439282573e-04 -1.680439072481802992e-04 -1.308772700238450271e-04 -9.613254183854112386e-05 -6.311951787195402286e-05 -3.126380592292980044e-05 7.667673876651428932e-12
-8.740349254892333056e-04 -7.326749763042889312e-04 -6.122177630348468649e-04 -5.127397796001357611e-04 -4.304058940005769333e-04 -3.608717398359490903e-04 -3.016644289054941190e-04 -2.506579191002792240e-04 -2.059294304389530758e-04 -1.658617540419379962e-04 -1.291745185836190742e-04 -9.487999663276818613e-05 -6.229623408568620664e-05 -3.085575530435530990e-05 7.567577608876963242e-12
-8.632986045405012911e-04 -7.235994566066713185e-04 -6.045761058433666299e-04 -5.062970170295073152e-04 -4.249665912402662013e-04 -3.562882151680183459e-04 -2.978162615124755296e-04 -2.474487160014764717e-04 -2.032849672075390766e-04 -1.637266754594800667e-04 -1.275085317755845853e-04 -9.365451319780839510e-05 -6.149074598147934319e-05 -3.045652738888355907e-05 7.469650121142036343e-12
-8.527846948615763582e-04 -7.147132901343276543e-04 -5.970948249297581287e-04 -4.999900984160961974e-04 -4.196423944559925733e-04 -3.518019718285124138e-04 -2.940499600832972632e-04 -2.443079124029409917e-04 -2.006969486605804473e-04 -1.616372202475316495e-04 -1.258781752255121633e-04 -9.245525601309021173e-05 -6.070250388042870368e-05 -3.006584958505463867e-05 7.373799182147230931e-12
-8.424866270509452767e-04 -7.060108385643497656e-04 -5.897691135528550233e-04 -4.938149316197059388e-04 -4.144298226042336035e-04 -3.474100587237216684e-04 -2.903630351344504415e-04 -2.412334244097425785e-04 -1.981636526368836700e-04 -1.595919948725328772e-04 -1.242823597236946255e-04 -9.128142285021025937e-05 -5.993098001833458170e-05 -2.968346017278616813e-05 7.279986649841410783e-12
-8.323980802264701424e-04 -6.974866789669635810e-04 -5.825943500493359524e-04 -4.877675830299282715e-04 -4.093255301384129204e-04 -3.431096400613833680e-04 -2.867530947372857759e-04 -2.382232499776175980e-04 -1.956834247393342426e-04 -1.575896607097522343e-04 -1.227200390231561976e-04 -9.013224314854591799e-05 -5.917566747591628277e-05 -2.930910777249835366e-05 7.188148885126100276e-12
-8.225129705317312228e-04 -6.891355937386337872e-04 -5.755660891110988284e-04 -4.818442700466182491e-04 -4.043263005501253598e-04 -3.388979898333159026e-04 -2.832178398356937146e-04 -2.352754649750983139e-04 -1.932546750688813458e-04 -1.556289313931405590e-04 -1.211902077638006943e-04 -8.900697648398355139e-05 -5.843607917026137817e-05 -2.894255084467479015e-05 7.098223720249167063e-12
-8.128254402616764919e-04 -6.809525610843597141e-04 -5.686800535432346348e-04 -4.760413539778137674e-04 -3.994290402710152284e-04 -3.347724866074717641e-04 -2.797550598272285330e-04 -2.323882194678539498e-04 -1.908758751431179036e-04 -1.537085703151983734e-04 -1.196918995143371375e-04 -8.790491112457966382e-05 -5.771174690360255516e-05 -2.858355721776942052e-05 7.010156914975191696e-12
-8.033298475691599090e-04 -6.729327460146982591e-04 -5.619321264720256821e-04 -4.703553333283422961e-04 -3.946307729120068926e-04 -3.307306086093919411e-04 -2.763626283907260044e-04 -2.295597342108069002e-04 -1.885455549874785319e-04 -1.518273882671871680e-04 -1.182241849242165088e-04 -8.682536266736313730e-05 -5.700222046564151854e-05 -2.823190364283737437e-05 6.923908766375919773e-12
-7.940207567165919389e-04 -6.650714918253671512e-04 -5.553183439746917863e-04 -4.647828374543355972e-04 -3.899286338183981541e-04 -3.267699290744903299e-04 -2.730384995444024498e-04 -2.267882973345936709e-04 -1.862623003880038318e-04 -1.499842412105747947e-04 -1.167861699784103106e-04 -8.576767275116946375e-05 -5.630706678585799366e-05 -2.788737537288914323e-05 6.839400495971477344e-12
-7.848929288393495431e-04 -6.573643120295816602e-04 -5.488348881044621472e-04 -4.593206205606224063e-04 -3.853198649207802487e-04 -3.228881118540007956e-04 -2.697807039198731917e-04 -2.240722612139405250e-04 -1.840247502952224072e-04 -1.481780281712499498e-04 -1.153769943485050522e-04 -8.473120784053425158e-05 -5.562586913272495422e-05 -2.754976576552338279e-05 6.756587072611233575e-12
-7.759413131898931174e-04 -6.498068827152839568e-04 -5.424780802865023736e-04 -4.539655560195421163e-04 -3.808018098632458032e-04 -3.190829072585851995e-04 -2.665873452382955667e-04 -2.214100395064580375e-04 -1.818315943695615177e-04 -1.464076892487525914e-04 -1.139958298339467657e-04 -8.371535807610353853e-05 -5.495822635670573640e-05 -2.721887590735776251e-05 6.675415406126779389e-12
-7.671610388335990249e-04 -6.423950353013461881e-04 -5.362443750618325683e-04 -4.487146309913316814e-04 -3.763719093915896116e-04 -3.153521481246761792e-04 -2.634565969760950966e-04 -2.188001043511116875e-04 -1.796815706594102728e-04 -1.446722037332105726e-04 -1.126418788877160308e-04 -8.271953618739402345e-05 -5.430375217436221542e-05 -2.689451425879073364e-05 6.595843944074053204e-12
-7.585474067691858665e-04 -6.351247496685617517e-04 -5.301303541579584612e-04 -4.435649413274254287e-04 -3.720276969853967327e-04 -3.116937460897672638e-04 -2.603866992083257162e-04 -2.162409837163002343e-04 -1.775734634034496079e-04 -1.429705883232395397e-04 -1.113143732211411652e-04 -8.174317646394520167e-05 -5.366207449098529532e-05 -2.657649631793723992e-05 6.517839128755687074e-12
-7.500958824485362206e-04 -6.279921476428573183e-04 -5.241327208663777281e-04 -4.385136867394071156e-04 -3.677667947190745132e-04 -3.081056880637632789e-04 -2.573759556187707009e-04 -2.137312588884673491e-04 -1.755061009496052525e-04 -1.413018954385323581e-04 -1.100125724829695750e-04 -8.078573378134980276e-05 -5.303283475919296538e-05 -2.626464430238724149e-05 6.441345103650377338e-12
-7.418020886722087462e-04 -6.209934868096732155e-04 -5.182482947084550299e-04 -4.335581662175764443e-04 -3.635869093378330040e-04 -3.045860328843647468e-04 -2.544227306665078998e-04 -2.112695620924150250e-04 -1.734783537834348613e-04 -1.396652116213846669e-04 -1.087357630080305860e-04 -7.984668267853340794e-05 -5.241568737154355323e-05 -2.595878684788025252e-05 6.366315207891043272e-12
-7.336617988385625002e-04 -6.141251546398348790e-04 -5.124740063724036489e-04 -4.286957736839296269e-04 -3.594858285356060000e-04 -3.011329081453158001e-04 -2.515254468994206831e-04 -2.088545742353463018e-04 -1.714891326592172540e-04 -1.380596560215241052e-04 -1.074832566313297267e-04 -7.892551648338663826e-05 -5.181029908480168426e-05 -2.565875872265975635e-05 6.292711806823250488e-12
-7.256709305258073235e-04 -6.073836629084504316e-04 -5.068068929051730304e-04 -4.239239938656427114e-04 -3.554614174227508825e-04 -2.977445071870967516e-04 -2.486825824057364463e-04 -2.064850227672065355e-04 -1.695373868275328825e-04 -1.364843789593357302e-04 -1.062543895634895019e-04 -7.802174648366342051e-05 -5.121634847416280719e-05 -2.536440055666559139e-05 6.220493971686623604e-12
-7.178255393875099775e-04 -6.007656423896212726e-04 -5.012440931442193074e-04 -4.192403983758460147e-04 -3.515116151722326963e-04 -2.944190862403165115e-04 -2.458926683953142444e-04 -2.041596796501513522e-04 -1.676221023534722710e-04 -1.349385605627178002e-04 -1.050485213238856188e-04 -7.713490114047144434e-05 -5.063352541542780097e-05 -2.507555858467918215e-05 6.149647752438253460e-12
-7.101218133435010290e-04 -5.942678378109082088e-04 -4.957828433749345096e-04 -4.146426419894443582e-04 -3.476344318336286286e-04 -2.911549617126010054e-04 -2.431542869029392959e-04 -2.018773594307431629e-04 -1.657423005201081473e-04 -1.334214094730590792e-04 -1.038650337279879547e-04 -7.626452534169846087e-05 -5.006153059356144514e-05 -2.479208440253856995e-05 6.080110567776952220e-12
-7.025560670490039496e-04 -5.878871030522837653e-04 -4.904204732006017331e-04 -4.101284591024939238e-04 -3.438279453049806144e-04 -2.879505076106618163e-04 -2.404660686063326083e-04 -1.996369174087254819e-04 -1.638970363120983000e-04 -1.319321616163341088e-04 -1.027033299256857254e-04 -7.541017969313340433e-05 -4.950007503603184872e-05 -2.451383473558476882e-05 6.011856830367883953e-12
-6.951247366260148320e-04 -5.816203965754706282e-04 -4.851544016124162938e-04 -4.056956603643465634e-04 -3.400902984533522876e-04 -2.848041530893675099e-04 -2.378266907520895429e-04 -1.974372478966549861e-04 -1.620853969746946163e-04 -1.304700790353872735e-04 -1.015628334876099317e-04 -7.457143984492315314e-05 -4.894887966948297366e-05 -2.424067121874432792e-05 5.944843233202874864e-12
-6.878243746418536385e-04 -5.754647770703407231e-04 -4.799821332478788221e-04 -4.013421294725330168e-04 -3.364196963752308280e-04 -2.817143801205150002e-04 -2.352348751833174367e-04 -1.952772825649976528e-04 -1.603065006436825771e-04 -1.290344487797836647e-04 -1.004429875364981173e-04 -7.374789585136822326e-05 -4.840767489829073567e-05 -2.397246018749876447e-05 5.879053749533159760e-12
-6.806516453207098454e-04 -5.694173993057800778e-04 -4.749012548267381195e-04 -3.970658201207878440e-04 -3.328144037887212250e-04 -2.786797212741526472e-04 -2.326893864628075100e-04 -1.931559888677619025e-04 -1.585594950421044069e-04 -1.276245818498908152e-04 -9.934325392107330960e-05 -7.293915156198602545e-05 -4.787620020377762194e-05 -2.370907247903698606e-05 5.814437759239276171e-12
-6.736033199748141633e-04 -5.634755101732856920e-04 -4.699094317541637421e-04 -3.928647530914932307e-04 -3.292727425497970692e-04 -2.756987576060986262e-04 -2.301890300863664507e-04 -1.910723685438489247e-04 -1.568435562398690683e-04 -1.262398121920319406e-04 -9.826311242988768329e-05 -7.214482404210006484e-05 -4.735420376285918661e-05 -2.345038324312698915e-05 5.750979235086716478e-12
-6.666762726426343245e-04 -5.576364449121579223e-04 -4.650044048814451925e-04 -3.887370134839900765e-04 -3.257930892853919081e-04 -2.727701166452283941e-04 -2.277326507809404967e-04 -1.890254561898622803e-04 -1.551578874726210319e-04 -1.248794957416329062e-04 -9.720206004290148647e-05 -7.136454302125621913e-05 -4.684144208500673245e-05 -2.319627176200446725e-05 5.688646261872448869e-12
-6.598674759221705589e-04 -5.518976235058111954e-04 -4.601839874151283081e-04 -3.846807480710195547e-04 -3.223738731366184926e-04 -2.698924704749923898e-04 -2.253191308826693693e-04 -1.870143179000823387e-04 -1.535017180163016678e-04 -1.235430095116495444e-04 -9.615961021837375459e-05 -7.059795036777819616e-05 -4.633767966642108542e-05 -2.294662127882216758e-05 5.627397605962566919e-12
-6.531739969880905571e-04 -5.462565472393049329e-04 -4.554460619660120500e-04 -3.806941627758144179e-04 -3.190135736056822022e-04 -2.670645339034443668e-04 -2.229473887901429617e-04 -1.850380499698130632e-04 -1.518743021143181306e-04 -1.222297507237203422e-04 -9.513529221331053156e-05 -6.984469958791722326e-05 -4.584268866046387232e-05 -2.270131883422985949e-05 5.567233501106838643e-12
-6.465929937820708278e-04 -5.407107954086929225e-04 -4.507885777297715012e-04 -3.767755202628016815e-04 -3.157107185004632524e-04 -2.642850627168769474e-04 -2.206163774886091408e-04 -1.830957776582968694e-04 -1.502749179542185970e-04 -1.209391359794154738e-04 -9.412865043530723537e-05 -6.910445534829563047e-05 -4.535624856331675012e-05 -2.246025511041856040e-05 5.508100397146017017e-12
-6.401217113661016641e-04 -5.352580221733549935e-04 -4.462095477916719777e-04 -3.729231376352819087e-04 -3.124638819710784388e-04 -2.615528520119954803e-04 -2.183250831409469885e-04 -1.811866540078815521e-04 -1.487028666908650856e-04 -1.196706004692868263e-04 -9.313924382403523895e-05 -6.837689302018939627e-05 -4.487814591414990295e-05 -2.222332428245499486e-05 5.449987691955030961e-12
-6.337574784291825393e-04 -5.298959535428221295e-04 -4.417070465479286021e-04 -3.691353842338907800e-04 -3.092716826330210874e-04 -2.588667346021880644e-04 -2.160725237414567936e-04 -1.793098587160562706e-04 -1.471574715135851757e-04 -1.184235972176354401e-04 -9.216664526063862023e-05 -6.766169824440156273e-05 -4.440817400881878698e-05 -2.199042387621987470e-05 5.392844471148900744e-12
-6.274977039381653262e-04 -5.246223844900894853e-04 -4.372792072368446542e-04 -3.654106795297522238e-04 -3.061327817717763590e-04 -2.562255794933888833e-04 -2.138577478288651264e-04 -1.774645970572666441e-04 -1.456380767547032237e-04 -1.171975963607569564e-04 -9.121044100344603042e-05 -6.695856651554299151e-05 -4.394613262625680819e-05 -2.176145463276529311e-05 5.336684529055990491e-12
-6.213398739239252462e-04 -5.194351761837215321e-04 -4.329242195730844366e-04 -3.617474911066900279e-04 -3.030458816240498565e-04 -2.536282904255242245e-04 -2.116798332549563980e-04 -1.756500988516596735e-04 -1.441440470368544945e-04 -1.159920844567907466e-04 -9.027023014841390500e-05 -6.626720278452281042e-05 -4.349182776698845885e-05 -2.153632037861289946e-05 5.281457898080264042e-12
-6.152815483943959406e-04 -5.143322533313562667e-04 -4.286403274787162253e-04 -3.581443327271152471e-04 -3.000097237309568444e-04 -2.510738044755082767e-04 -2.095378860055608933e-04 -1.738656174777537323e-04 -1.426747664568817097e-04 -1.148065638252574903e-04 -8.934562411280240609e-05 -6.558732107830431873e-05 -4.304507140294286285e-05 -2.131492790167526836e-05 5.227147812003519922e-12
-6.093203583663136212e-04 -5.093116016276249191e-04 -4.244258269050702717e-04 -3.545997624763261476e-04 -2.970230873587585111e-04 -2.485610907180333534e-04 -2.074310390707089619e-04 -1.721104289266365357e-04 -1.412296378041655873e-04 -1.136405519144968414e-04 -8.843624614080527980e-05 -6.491864413572689843e-05 -4.260568123787199056e-05 -2.109718683248128061e-05 5.173732322128404676e-12
-6.034540030077859820e-04 -5.043712652996107165e-04 -4.202790637394128014e-04 -3.511123809803170051e-04 -2.940847879828856594e-04 -2.460891489406157083e-04 -2.053584513608372366e-04 -1.703838308948951220e-04 -1.398080818111674059e-04 -1.124935806953422977e-04 -8.754173082958599755e-05 -6.426090305849073685e-05 -4.217348047777147224e-05 -2.088300953029842861e-05 5.121195483619462950e-12
-5.976802468839906377e-04 -4.995093447432301425e-04 -4.161984317909517370e-04 -3.476808296921385659e-04 -2.911936758311465005e-04 -2.436570084093481301e-04 -2.033193066661668623e-04 -1.686851419139727220e-04 -1.384095364341753011e-04 -1.113651960793062359e-04 -8.666172367473388288e-05 -6.361383697644286709e-05 -4.174829761069824585e-05 -2.067231097393055394e-05 5.069518888766420541e-12
-5.919969172984837144e-04 -4.947239942440951211e-04 -4.121823708505500082e-04 -3.443037892423743765e-04 -2.883486344822115189e-04 -2.412637266819986977e-04 -2.013128126564743266e-04 -1.670137005135986883e-04 -1.370334561624103901e-04 -1.102549573597883469e-04 -8.579588063365283369e-05 -6.297719272607169114e-05 -4.132996619530800251e-05 -2.046500865692392723e-05 5.018683514559895190e-12
-5.864019017227549077e-04 -4.900134197765758847e-04 -4.082293648188654628e-04 -3.409799778489879148e-04 -2.855485795154326552e-04 -2.389083884653158199e-04 -1.993381999184492214e-04 -1.653688644168937972e-04 -1.356793113535013711e-04 -1.091624366747391295e-04 -8.494386770581360314e-05 -6.235072454148937076e-05 -4.091832465764332918e-05 -2.026102248680130852e-05 4.968645337312259457e-12
-5.808931453067243044e-04 -4.853758768748086790e-04 -4.043379398976473436e-04 -3.377081497821483131e-04 -2.827924572083306831e-04 -2.365901045132561865e-04 -1.973947210280680765e-04 -1.637500097650598232e-04 -1.343465875935277395e-04 -1.080872184893862212e-04 -8.410536052870954283e-05 -6.173419375704724686e-05 -4.051321609556515812e-05 -2.006027468805879563e-05 4.919387900914384859e-12
-5.754686484628555561e-04 -4.808096685694682442e-04 -4.005066628389266671e-04 -3.344870938797043689e-04 -2.800792432779992264e-04 -2.343080105630730877e-04 -1.954816496552169453e-04 -1.621565303693795965e-04 -1.330347850798669479e-04 -1.070288990974413472e-04 -8.328004398840254947e-05 -6.112736852066421992e-05 -4.011448809023827970e-05 -1.986268970876399570e-05 4.870915473053931010e-12
-5.701264645165396092e-04 -4.763131433840711820e-04 -3.967341392469877874e-04 -3.313156321088849780e-04 -2.774079416627659063e-04 -2.320612663061590768e-04 -1.935982796981870410e-04 -1.605878369885240203e-04 -1.317434180250754946e-04 -1.059870861394472869e-04 -8.246761184351253577e-05 -6.053002351719417162e-05 -3.972199252427697358e-05 -1.966819413038572577e-05 4.823206956666486714e-12
-5.648646974153288206e-04 -4.718846933846117687e-04 -3.930190119277664857e-04 -3.281926181698553019e-04 -2.747775833404403258e-04 -2.298490543906296288e-04 -1.917439244453434332e-04 -1.590433566288980860e-04 -1.304720140801134793e-04 -1.049613981369994567e-04 -8.166776636162669466e-05 -5.994193970084715230e-05 -3.933558540586507501e-05 -1.947671658062162373e-05 4.776236373244233803e-12
-5.596814994893471512e-04 -4.675227522761257791e-04 -3.893599592805249525e-04 -3.251169361367513104e-04 -2.721872251794617888e-04 -2.276705794525231484e-04 -1.899179157614634640e-04 -1.575225318659460340e-04 -1.292201137750772361e-04 -1.039514640411083222e-04 -8.088021796698155236e-05 -5.936290403611053045e-05 -3.895512669842435759e-05 -1.928818764896376628e-05 4.729995439866970488e-12
-5.545750692550109823e-04 -4.632257935396001843e-04 -3.857556937262542258e-04 -3.220874991316058735e-04 -2.696359488192429034e-04 -2.255250671725162132e-04 -1.881196032961371335e-04 -1.560248201843852478e-04 -1.279872699756983518e-04 -1.029569227936867956e-04 -8.010468489833840562e-05 -5.879270924608849742e-05 -3.858048015530246729e-05 -1.910253980483038328e-05 4.684457113885191447e-12
-5.495436492537659773e-04 -4.589923286024359781e-04 -3.822049601672014726e-04 -3.191032480266421906e-04 -2.671228595757831189e-04 -2.234117633549589346e-04 -1.863483537116143588e-04 -1.545496933350006593e-04 -1.267730473539979480e-04 -1.019774229004839219e-04 -7.934089287599954557e-05 -5.823115356774314917e-05 -3.821151315895454902e-05 -1.891970731778564048e-05 4.639604350445807364e-12
-5.445855239171247357e-04 -4.548209050352296874e-04 -3.787065344717014640e-04 -3.161631501699805106e-04 -2.646470853685847758e-04 -2.213299330258711173e-04 -1.846035499272947902e-04 -1.530966367059074249e-04 -1.255770218710290567e-04 -1.010126220140108695e-04 -7.858857477673732779e-05 -5.767804051297347492e-05 -3.784809656393017232e-05 -1.873962617981675014e-05 4.595438617512667319e-12
-5.396990174487107002e-04 -4.507101047673093565e-04 -3.752592219780320586e-04 -3.132661981296915596e-04 -2.622077756646740707e-04 -2.192788595465563779e-04 -1.828845903781007828e-04 -1.516651487058580578e-04 -1.243987802699625844e-04 -1.000621865251343325e-04 -7.784747031556657742e-05 -5.713317863475067852e-05 -3.749010454338132540e-05 -1.856223402931137483e-05 4.551927835179225173e-12
-5.348824917132190574e-04 -4.466585423127567185e-04 -3.718618560106023768e-04 -3.104114084508395772e-04 -2.598041004352993270e-04 -2.172578437390735597e-04 -1.811908882836739030e-04 -1.502547401572380727e-04 -1.232379195774942020e-04 -9.912579116148083531e-05 -7.711732573305432646e-05 -5.659638129753237815e-05 -3.713741443825057059e-05 -1.838747007628035266e-05 4.509059348230525569e-12
-5.301343441213622956e-04 -4.426648629981270100e-04 -3.685132964014195761e-04 -3.075978204195794975e-04 -2.574352491205239915e-04 -2.152662030196790934e-04 -1.795218709252180975e-04 -1.488649336959525478e-04 -1.220940466113529883e-04 -9.820311859115864357e-05 -7.639789348683038734e-05 -5.606746645076472914e-05 -3.678990660865457367e-05 -1.821527502889014221e-05 4.466818882378877479e-12
-5.254530054986959525e-04 -4.387277411820607971e-04 -3.652124280088814420e-04 -3.048244948279792447e-04 -2.551004295964233426e-04 -2.133032705360717626e-04 -1.778769789265019149e-04 -1.474952631755549535e-04 -1.209667774918127731e-04 -9.729385902990729832e-05 -7.568893194609415970e-05 -5.554625640462945501e-05 -3.644746428673969509e-05 -1.804559102046235177e-05 4.425196925243955281e-12
-5.208369379249774833e-04 -4.348458784559468206e-04 -3.619581592252009558e-04 -3.020905127326313391e-04 -2.527988671394067622e-04 -2.113683943036941603e-04 -1.762556655352701498e-04 -1.461452730725241783e-04 -1.198557371545387823e-04 -9.639770984970187856e-05 -7.499020508727852500e-05 -5.503257760691760184e-05 -3.610997343029622461e-05 -1.787836153714003607e-05 4.384182026340769263e-12
-5.162846325289303755e-04 -4.310180018136689785e-04 -3.587494204629460394e-04 -2.993949741991709049e-04 -2.505298033812372810e-04 -2.094609363360663975e-04 -1.746573959009335827e-04 -1.448145178891575564e-04 -1.187605588621969523e-04 -9.551437518671361364e-05 -7.430148218950989743e-05 -5.452626041973188700e-05 -3.577732257640284485e-05 -1.771353134539040044e-05 4.343742703354067307e-12
-5.117946072214364216e-04 -4.272428617767437564e-04 -3.555851626096924803e-04 -2.967369970241438273e-04 -2.482924952476487724e-04 -2.075802717634495683e-04 -1.730816463437878498e-04 -1.435025615505847283e-04 -1.176808837116985565e-04 -9.464356554608397126e-05 -7.362253752789106142e-05 -5.402713889475747411e-05 -3.544940269408708645e-05 -1.755104641912230828e-05 4.303885929082206421e-12
-5.073654043477308266e-04 -4.235192304593626074e-04 -3.524643554385493939e-04 -2.941157154241539045e-04 -2.460862138727917250e-04 -2.057257879332701975e-04 -1.715279036107206039e-04 -1.422089767913803696e-04 -1.166163601337392053e-04 -9.378499740100356699e-05 -7.295315006247902177e-05 -5.353505054555716871e-05 -3.512610703522493050e-05 -1.739085386594694689e-05 4.264607464693680652e-12
-5.029955882362458506e-04 -4.198458995555983211e-04 -3.493859859604269260e-04 -2.915302786812256340e-04 -2.439102434802115928e-04 -2.038968834851658451e-04 -1.699956641112674042e-04 -1.409333445272191595e-04 -1.155666433807439559e-04 -9.293839278294910690e-05 -7.229310312078600614e-05 -5.304983611519971989e-05 -3.480733098233012641e-05 -1.723290185189343748e-05 4.225869113109533499e-12
-4.986837426182736061e-04 -4.162216782282157071e-04 -3.463490567017270001e-04 -2.889798497312146171e-04 -2.417638802200737318e-04 -2.020929673920639322e-04 -1.684844331273985252e-04 -1.396752532060556169e-04 -1.145313949988101818e-04 -9.210347885957095577e-05 -7.164218407092354539e-05 -5.257133933734775360e-05 -3.449297189218833188e-05 -1.707713952418385544e-05 4.187677913908380603e-12
-4.944284678883470886e-04 -4.126453908751573319e-04 -3.433525838885930219e-04 -2.864636036803331373e-04 -2.396464309505034617e-04 -2.003134579576705424e-04 -1.669937239890664706e-04 -1.384342981322089121e-04 -1.135102822786533217e-04 -9.127998749627564627e-05 -7.100018398248327857e-05 -5.209940668838312163e-05 -3.418292893376133942e-05 -1.692351693101510382e-05 4.149985507837337988e-12
-4.902283781699645236e-04 -4.091158747457786758e-04 -3.403955955156595810e-04 -2.839807262321610254e-04 -2.375572119488820588e-04 -1.985577817588971223e-04 -1.655230572063803060e-04 -1.372100807563857595e-04 -1.125029776795229803e-04 -9.046765479687027582e-05 -7.036689727159747289e-05 -5.163388712821157390e-05 -3.387710291873764057e-05 -1.677198493798326336e-05 4.112820075671020667e-12
-4.860820981449598096e-04 -4.056319773737136389e-04 -3.374771292730790930e-04 -2.815304120043623723e-04 -2.354955475365834905e-04 -1.968253725200189825e-04 -1.640719595476251760e-04 -1.360022079227148019e-04 -1.115091582191842472e-04 -8.966622061764840902e-05 -6.974212132571165450e-05 -5.117463182657017731e-05 -3.357539612263619430e-05 -1.662249513962709823e-05 4.076145369238595662e-12
-4.819882595970190458e-04 -4.021925537872828504e-04 -3.345962303010646156e-04 -2.791118627106347195e-04 -2.334607685974348604e-04 -1.951156699026998726e-04 -1.626399630505646280e-04 -1.348102910626192835e-04 -1.105285048218463496e-04 -8.887542804864015833e-05 -6.912565610346832121e-05 -5.072149387123391149e-05 -3.327771209432060274e-05 -1.647499976543720084e-05 4.039956821637252991e-12
-4.779454976101396363e-04 -3.987964634506409637e-04 -3.317519487350749602e-04 -2.767242851787138705e-04 -2.314522109665817073e-04 -1.934281181930446445e-04 -1.612266039517013308e-04 -1.336339453234300487e-04 -1.095607016142601268e-04 -8.809502285422719401e-05 -6.851730370362773864e-05 -5.027432795396713798e-05 -3.298395545091267506e-05 -1.632945157865197354e-05 4.004253783509515322e-12
-4.739524463510445904e-04 -3.954425668795676736e-04 -3.289433369974021498e-04 -2.743668891692236105e-04 -2.294692136616432229e-04 -1.917621648633635188e-04 -1.598314215155386818e-04 -1.324727886170555709e-04 -1.086054351583126985e-04 -8.732475286407055746e-05 -6.791686789609358000e-05 -4.983299002901244519e-05 -3.269403165508200044e-05 -1.618580376635868500e-05 3.969023710610801984e-12
-4.700077343496852694e-04 -3.921297218641049079e-04 -3.261694467817959813e-04 -2.720388849531717775e-04 -2.275111169223942764e-04 -1.901172589813418339e-04 -1.584539567419493596e-04 -1.313264405712862904e-04 -1.076623936061921953e-04 -8.656436730311696472e-05 -6.732415360647295397e-05 -4.939733693811194774e-05 -3.240784677041793369e-05 -1.604400981888877545e-05 3.934243623345202645e-12
-4.661099791735730941e-04 -3.888567792157066939e-04 -3.234293256664441392e-04 -2.697394805967206371e-04 -2.255772600179232340e-04 -1.884928494337428375e-04 -1.570937509252802043e-04 -1.301945213624860413e-04 -1.067312657610330315e-04 -8.581361604751925806e-05 -6.673896634406932277e-05 -4.896722599448229742e-05 -3.212530719033231618e-05 -1.590402339607893019e-05 3.899905916822471219e-12
-4.622577813685806126e-04 -3.856225779384299304e-04 -3.207220132760305671e-04 -2.674678788905432078e-04 -2.236669787712334374e-04 -1.868883829245670722e-04 -1.557503440328324867e-04 -1.290766504035650126e-04 -1.058117400222712657e-04 -8.507224878995811872e-05 -6.616111156071862235e-05 -4.854251451684155050e-05 -3.184631933443790033e-05 -1.576579817761616348e-05 3.865993176306667471e-12
-4.584497175095663974e-04 -3.824259397005029971e-04 -3.180465368957664492e-04 -2.652232738466891722e-04 -2.217796027396315808e-04 -1.853033016981991629e-04 -1.544232728630541682e-04 -1.279724448555139850e-04 -1.049035031904303717e-04 -8.434001409434896087e-05 -6.559039392505891411e-05 -4.812305930223543117e-05 -3.157078930515180761e-05 -1.562928769380281078e-05 3.832511811058566727e-12
-4.546843321672245112e-04 -3.792656624535175464e-04 -3.154019064172067384e-04 -2.630048466679244142e-04 -2.199144519750338787e-04 -1.837370409267490023e-04 -1.531120689345924165e-04 -1.268815179231287216e-04 -1.040062390997161749e-04 -8.361665831527035925e-05 -6.502661649348872924e-05 -4.770871602401144932e-05 -3.129862249573872330e-05 -1.549444513245407410e-05 3.799444700245473220e-12
-4.509601285501900025e-04 -3.761405130091413120e-04 -3.127871084662368862e-04 -2.608117610708310385e-04 -2.180708332694460149e-04 -1.821890256856191319e-04 -1.518162560450903877e-04 -1.258034768859357308e-04 -1.031196270393515939e-04 -8.290192435115179828e-05 -6.446957975396512704e-05 -4.729933853787084131e-05 -3.102972313862050103e-05 -1.536122311633315922e-05 3.766771452751866868e-12
-4.472755575206458769e-04 -3.730492183352484528e-04 -3.102010995260470381e-04 -2.586431578146120968e-04 -2.162480357672631412e-04 -1.806586674224320362e-04 -1.505353474236330021e-04 -1.247379208030964049e-04 -1.022433399147822108e-04 -8.219555019283490357e-05 -6.391908051349364070e-05 -4.689477807456274858e-05 -3.076399377999604226e-05 -1.522957344434433294e-05 3.734477890246700933e-12
-4.436290046029597953e-04 -3.699904552712775458e-04 -3.076427978189277910e-04 -2.564981482483853249e-04 -2.144453257950394492e-04 -1.791453597995769256e-04 -1.492688423805248264e-04 -1.236844378148914815e-04 -1.013770420868664239e-04 -8.149726721873221775e-05 -6.337491059173156827e-05 -4.649488229231650305e-05 -3.050133466332209756e-05 -1.509944678795645373e-05 3.702560822751269922e-12
-4.400187745020588690e-04 -3.669628382814845661e-04 -3.051110736469344166e-04 -2.543758066395172693e-04 -2.126619407189398684e-04 -1.776484737583151343e-04 -1.480162223322900030e-04 -1.226426019427945008e-04 -1.005203868107439101e-04 -8.080679817493018763e-05 -6.283685527370653178e-05 -4.609949415480291298e-05 -3.024164299944378013e-05 -1.497079233172182296e-05 3.670997825527138178e-12
-4.364430725132472061e-04 -3.639649047581952710e-04 -3.026047378076992590e-04 -2.522751609789921192e-04 -2.108970815871714910e-04 -1.761673516099035420e-04 -1.467769460454975208e-04 -1.216119692624672964e-04 -9.967301317406552293e-05 -8.012385476115193238e-05 -6.230469146115557731e-05 -4.570845059073146469e-05 -2.998481209479453435e-05 -1.484355734397004798e-05 3.639794507651426276e-12
-4.328999820260287360e-04 -3.609950972456975739e-04 -3.001225275902860180e-04 -2.501951818715578385e-04 -2.091499042441867160e-04 -1.747012999025987468e-04 -1.455504438977481903e-04 -1.205920732875897828e-04 -9.883454240492888312e-05 -7.944813472073653556e-05 -6.177818544442431961e-05 -4.532158087862943969e-05 -2.973073030101089319e-05 -1.471768665970572214e-05 3.608914981144256657e-12
-4.293874370846509575e-04 -3.580517417661896137e-04 -2.976630897069829844e-04 -2.481347690005455400e-04 -2.074195085091218283e-04 -1.732495807379170593e-04 -1.443361108934048190e-04 -1.195824193537198618e-04 -9.800457338129668519e-05 -7.877931830176240161e-05 -6.125709019341190231e-05 -4.493870468338289010e-05 -2.947927973812774268e-05 -1.459312205190986642e-05 3.578357647525973842e-12
-4.259031886441957417e-04 -3.551330211732439202e-04 -2.952249593156278215e-04 -2.460927344974946735e-04 -2.057049248835017021e-04 -1.718114011072730321e-04 -1.431332980891548274e-04 -1.185824777252466065e-04 -9.718267712047846734e-05 -7.811706391527987244e-05 -6.074114203429529520e-05 -4.455962964763220835e-05 -2.923033472852457437e-05 -1.446980146059868261e-05 3.548105305149560424e-12
-4.224447627186418350e-04 -3.522369421089051778e-04 -2.928065340119284828e-04 -2.440677823286221244e-04 -2.040050980788874011e-04 -1.703858996803184200e-04 -1.419413019728107722e-04 -1.175916750582733250e-04 -9.636838995539677281e-05 -7.746100275949977779e-05 -6.023005653525852795e-05 -4.418414841027455751e-05 -2.898375985847851356e-05 -1.434765803850007164e-05 3.518149146067345294e-12
-4.190094080065214985e-04 -3.493612936579410270e-04 -2.904060412912241266e-04 -2.420584825091749682e-04 -2.023188664145564970e-04 -1.689721302832785038e-04 -1.407593511829628491e-04 -1.166093837276963545e-04 -9.556120500459869380e-05 -7.681073210048721214e-05 -5.972352336434733397e-05 -4.381203488028125335e-05 -2.873940755561570746e-05 -1.422661895850332628e-05 3.488455723481639523e-12
-4.155940297264623727e-04 -3.465035951184883018e-04 -2.880214974480520555e-04 -2.400632385352194852e-04 -2.006449357985090349e-04 -1.675690410356434241e-04 -1.395865897403391655e-04 -1.156349083520750466e-04 -9.476056140362850799e-05 -7.616580678988942618e-05 -5.922119979867530642e-05 -4.344303953346819147e-05 -2.849711503131229710e-05 -1.410660390843767204e-05 3.459031120265255632e-12
-4.121951051872756308e-04 -3.436610293536506290e-04 -2.856506551297434545e-04 -2.380802458262901481e-04 -1.989818465284366343e-04 -1.661754477308476096e-04 -1.384220556541362445e-04 -1.146674686027804042e-04 -9.396583056769269209e-05 -7.552572844483630395e-05 -5.872270244480476111e-05 -4.307688341324908009e-05 -2.825670038060330104e-05 -1.398752317124841253e-05 3.429843113230959508e-12
-4.088085748839919526e-04 -3.408303568180052925e-04 -2.832909356802363146e-04 -2.361074381151066607e-04 -1.973279304640147185e-04 -1.647899994971326661e-04 -1.372646533245586837e-04 -1.137061770285741443e-04 -9.317629847162853338e-05 -7.488993149120789171e-05 -5.822759655926528774e-05 -4.271325039265419092e-05 -2.801795755180952119e-05 -1.386927514872458542e-05 3.400836871298423395e-12
-4.054297003864678001e-04 -3.380078033559975339e-04 -2.809393408358906675e-04 -2.341424174717356295e-04 -1.956812551229350245e-04 -1.634111339728132556e-04 -1.361131175179036007e-04 -1.127500101086220587e-04 -9.239114251863802152e-05 -7.425776494497902675e-05 -5.773538210804188519e-05 -4.235177707351872649e-05 -2.778064978018616449e-05 -1.375174312915450309e-05 3.372001480763311663e-12
-4.020528765482043196e-04 -3.351889119102914637e-04 -2.785923360017740708e-04 -2.321823617970487756e-04 -1.940395497714383249e-04 -1.620370180409936602e-04 -1.349659657341784373e-04 -1.117977699772111140e-04 -9.160940095460448911e-05 -7.362846832204053809e-05 -5.724547533305264773e-05 -4.199203943020358916e-05 -2.754450090513772722e-05 -1.363479101312741218e-05 3.343319892150830538e-12
-3.986713799267895377e-04 -3.323683438157574261e-04 -2.762456938162833383e-04 -2.302239008251914538e-04 -1.924001063431525602e-04 -1.606654683729268898e-04 -1.338214343421382699e-04 -1.108480331023232844e-04 -9.082993185555466860e-05 -7.300113933456924714e-05 -5.675718403341678694e-05 -4.163353489897258754e-05 -2.730918372666988684e-05 -1.351825758183750043e-05 3.314745690172201437e-12
-3.952770266427613785e-04 -3.295396084911593731e-04 -2.738942812942921166e-04 -2.282629473711097470e-04 -1.907596445754604516e-04 -1.592938432628026246e-04 -1.326773916307079425e-04 -1.098990804090083898e-04 -9.005135728389510540e-05 -7.237468990377792736e-05 -5.626967390526951894e-05 -4.127565798807772700e-05 -2.707430414943997330e-05 -1.340194869171820356e-05 3.286222994500208001e-12
-3.918596992948358945e-04 -3.266946895533869239e-04 -2.715317653194306989e-04 -2.262944637883415112e-04 -1.891141253308210445e-04 -1.579188928813700789e-04 -1.315312174201724673e-04 -1.089488005187658193e-04 -8.927198595377547081e-05 -7.174778524107015419e-05 -5.578192192310353235e-05 -4.091766649705879798e-05 -2.683937922128405923e-05 -1.328562646341948573e-05 3.257691084605066823e-12
-3.884066806601499280e-04 -3.238235180154713853e-04 -2.691501975334260411e-04 -2.243121326905493879e-04 -1.874584873288573557e-04 -1.565365480506602266e-04 -1.303796332201182331e-04 -1.079945532243383659e-04 -8.848970410450771626e-05 -7.111875787923047532e-05 -5.529265054777012520e-05 -4.055863384083794329e-05 -2.660380613737619513e-05 -1.316899402298781761e-05 3.229083267364486487e-12
-3.849016957587628792e-04 -3.209132145284696773e-04 -2.667394169696062989e-04 -2.223078829272790162e-04 -1.857862680369141560e-04 -1.551416160020865497e-04 -1.292184575458928109e-04 -1.070329727734559047e-04 -8.770181824298833178e-05 -7.048548377506692214e-05 -5.480023290083590928e-05 -4.019738033093838916e-05 -2.636681756186360449e-05 -1.305167350701810157e-05 3.200328012187070082e-12
-3.813235023740322205e-04 -3.179469737567436902e-04 -2.642861700870244041e-04 -2.202711909941036628e-04 -1.840890447556013166e-04 -1.537273317024046796e-04 -1.280422449884295317e-04 -1.060596776379981051e-04 -8.690482309427774660e-05 -6.984519946505125321e-05 -5.430255281129272357e-05 -3.983237174671803131e-05 -2.612741567961135338e-05 -1.293317359570621302e-05 3.171277738381900650e-12
-3.776437620063445143e-04 -3.149023779351014423e-04 -2.617727796642134127e-04 -2.181880236982337428e-04 -1.823555883030545039e-04 -1.522846782109589178e-04 -1.268437393177393718e-04 -1.050688306379012391e-04 -8.609404983941749772e-05 -6.919422485239428767e-05 -5.379679260697508669e-05 -3.946156552811389500e-05 -2.588427218604337252e-05 -1.281284027520576299e-05 3.141770075572165327e-12
-3.738237258625389274e-04 -3.117487693256080854e-04 -2.591750691302730641e-04 -2.160391882412553025e-04 -1.805705416316378837e-04 -1.508013250312974988e-04 -1.256130188673935737e-04 -1.040524513541305564e-04 -8.526311613251805796e-05 -6.852752970401383638e-05 -5.327910121891226244e-05 -3.908217019511143857e-05 -2.563557184277377048e-05 -1.268977981238859592e-05 3.111601058508408447e-12
-3.698088943684205848e-04 -3.084430108791710325e-04 -2.564590100280016551e-04 -2.137976649609870706e-04 -1.787122821343255653e-04 -1.492599095835930715e-04 -1.243361124667958150e-04 -1.029993021375695420e-04 -8.440303478001671468e-05 -6.783803093833618589e-05 -5.274405608105398036e-05 -3.869025524482761072e-05 -2.537875877812702040e-05 -1.256273383917639255e-05 3.080455527678388836e-12
-3.655200557271574098e-04 -3.049223614309726129e-04 -2.535750797172217261e-04 -2.114241131467430198e-04 -1.767493163645553732e-04 -1.476351366123242550e-04 -1.229926618893395246e-04 -1.018930057469243750e-04 -8.350070704654729713e-05 -6.711540439930832158e-05 -5.218375304130557331e-05 -3.828009125759186893e-05 -2.511010727961294627e-05 -1.242986800478475207e-05 3.047880596038026683e-12
-3.608375127582423071e-04 -3.010919090603899739e-04 -2.504482909624138965e-04 -2.088589171414522729e-04 -1.746338913445870541e-04 -1.458886329123421067e-04 -1.215517718535981146e-04 -1.007087012445468852e-04 -8.253624454789821837e-05 -6.634397197261358555e-05 -5.158618756446140278e-05 -3.784297586044072832e-05 -2.482395805435211534e-05 -1.228839586271540188e-05 3.013203561073675023e-12
-3.555716880212811165e-04 -2.968010843985179796e-04 -2.469595094407317786e-04 -2.060072505454994623e-04 -1.722899771785236481e-04 -1.439592550637798117e-04 -1.199641835247972120e-04 -9.940673153609918319e-05 -8.147791032657313471e-05 -6.549870816446276859e-05 -5.093219387127900875e-05 -3.736501313431671252e-05 -2.451127335598942794e-05 -1.213386722766390845e-05 2.975330114266100956e-12
-3.494044134857504039e-04 -2.917965559815230642e-04 -2.429078451683371954e-04 -2.027089174628818281e-04 -1.695889409149894532e-04 -1.417434296947364994e-04 -1.181463728558233411e-04 -9.791980093793474494e-05 -8.027181607793786966e-05 -6.453710084598649139e-05 -5.018920264656043782e-05 -3.682258291860936536e-05 -2.415668805153488633e-05 -1.195871545348458628e-05 2.932410942354031704e-12
-3.417612528256031143e-04 -2.856191444034300543e-04 -2.379278831403590475e-04 -1.986716684594562812e-04 -1.662955557347691902e-04 -1.390513835831166391e-04 -1.159450579922797087e-04 -9.612425322443189136e-05 -7.881884404529138565e-05 -6.338089749170221937e-05 -4.929722878931092772e-05 -3.617216367883103974e-05 -2.373188231614329718e-05 -1.174899167650138036e-05 2.881035792555860788e-12
-3.315030846318702787e-04 -2.773522298018776377e-04 -2.312858028470747020e-04 -1.933056821934882568e-04 -1.619331580041296194e-04 -1.354972688567693609e-04 -1.130477330454954970e-04 -9.376743367033389513e-05 -7.691613253426328835e-05 -6.186973157152971426e-05 -4.813322007952460635e-05 -3.532440983133277966e-05 -2.317868741577351502e-05 -1.147603574001928308e-05 2.814189172323256135e-12
-3.160811384345222123e-04 -2.649194304477382332e-04 -2.213006000162376895e-04 -1.852470956305376788e-04 -1.553910747442479310e-04 -1.301762848832829745e-04 -1.087177619510879678e-04 -9.025131121374154527e-05 -7.408194872863440163e-05 -5.962182952934619133e-05 -4.640367666906044771e-05 -3.406591294859655618e-05 -2.235802148744326566e-05 -1.107127829686997423e-05 2.715058782234750288e-12
-2.889284607418712326e-04 -2.428277470207933794e-04 -2.034159428820915257e-04 -1.707223342443086049e-04 -1.435436827173170783e-04 -1.205057044538954440e-04 -1.008276856873483335e-04 -8.383243247231974876e-05 -6.890147942884862747e-05 -5.550953405143034373e-05 -4.323789503098618078e-05 -3.176149418291700314e-05 -2.085495802926970579e-05 -1.032986139406779007e-05 2.533480339111504563e-12
-2.326276604683998679e-04 -1.955069651005861395e-04 -1.638778124886843403e-04 -1.376977644799763862e-04 -1.159499666981525138e-04 -9.750769029492282591e-05 -8.173088962687300113e-05 -6.807112184585663902e-05 -5.603405370419314385e-05 -4.520317236338523663e-05 -3.524876115365692018e-05 -2.591565862926771712e-05 -1.702769435784481648e-05 -8.437642855163652306e-06 2.069692240844110996e-12
