1.962858593641847005e+00 2.029396340240089192e+00 2.098270563346556816e+00 2.169322325958483955e+00 2.241157559689079815e+00 2.311249405838738724e+00 2.377140265092214211e+00 2.437059384449502542e+00 2.489717022084235509e+00 2.534552379049658022e+00 2.571254547245738653e+00 2.599776772038977057e+00 2.620105892991292151e+00 2.632280740610140057e+00 2.636334679146732807e+00
1.756436812727329100e+00 1.785405891078628571e+00 1.811611631884068041e+00 1.835286337052802086e+00 1.855826070577018427e+00 1.873008589495249065e+00 1.887092642633990458e+00 1.898021126002301662e+00 1.907005955481203996e+00 1.914226952924827252e+00 1.919915552498693279e+00 1.924225820957210731e+00 1.927248336813260243e+00 1.929042115339774099e+00 1.929636789702798616e+00
1.586919137169592098e+00 1.599326617415213869e+00 1.608777184469310395e+00 1.615685363531579766e+00 1.619866659901611161e+00 1.621772061290025713e+00 1.622174190967662355e+00 1.621273184226029285e+00 1.620308060419322960e+00 1.619368494957387217e+00 1.618574802158069259e+00 1.617962594084115580e+00 1.617534804188771824e+00 1.617284382731656978e+00 1.617201988906411092e+00
1.471403381761452023e+00 1.476782465489987706e+00 1.479470663252402174e+00 1.479896795552566369e+00 1.478086193803509252e+00 1.474711534937127144e+00 1.470636020176653513e+00 1.466103691460190372e+00 1.462173785843839058e+00 1.458864747547256480e+00 1.456221912102223515e+00 1.454222046134061808e+00 1.452828999592775894e+00 1.452009138620162343e+00 1.451738523088681454e+00
1.391370940874071982e+00 1.393338131393244250e+00 1.392848303370239238e+00 1.390331349859682097e+00 1.385947542911043717e+00 1.380451673719869321e+00 1.374693462255362153e+00 1.368911819450048695e+00 1.363998831361800335e+00 1.359930026865692865e+00 1.356707088669838690e+00 1.354277828308636744e+00 1.352588549161044984e+00 1.351594647940371097e+00 1.351266615591538711e+00
1.333533843433370558e+00 1.333627878623510732e+00 1.331448574496373771e+00 1.327434628282549101e+00 1.321840446364959565e+00 1.315446001266815435e+00 1.309056154245933579e+00 1.302889618716247533e+00 1.297702367176890359e+00 1.293442324561302703e+00 1.290083874382490059e+00 1.287559249931067740e+00 1.285806248707190402e+00 1.284775516568779086e+00 1.284435427292594634e+00
1.290050282519656699e+00 1.289012785154739715e+00 1.285853112393299913e+00 1.281024836628033681e+00 1.274849174942009888e+00 1.268103595230778202e+00 1.261538565241383747e+00 1.255347777567508594e+00 1.250177435334193010e+00 1.245956437350982382e+00 1.242640947050556166e+00 1.240154305440821503e+00 1.238430095988019009e+00 1.237417038700161731e+00 1.237082897940117832e+00
1.256258735086333456e+00 1.254486429553973714e+00 1.250723391670115481e+00 1.245440443943647058e+00 1.239005724001878805e+00 1.232179323653203928e+00 1.225655689072131072e+00 1.219602611314063001e+00 1.214576861119403661e+00 1.210493651068032861e+00 1.207296489480470525e+00 1.204903580600985569e+00 1.203246596718009043e+00 1.202273781620382564e+00 1.201953032252507603e+00
1.229277085561313099e+00 1.227001065298756410e+00 1.222853306389017680e+00 1.217321546275437427e+00 1.210805825671513070e+00 1.204040522381116363e+00 1.197665636194453320e+00 1.191823902779894251e+00 1.186998302066134769e+00 1.183094007872721010e+00 1.180045575605973562e+00 1.177768386910954979e+00 1.176193562473595744e+00 1.175269685523304464e+00 1.174965183956703463e+00
1.207246910743469792e+00 1.204611593332876485e+00 1.200215022279744970e+00 1.194559888174425266e+00 1.188066606289455596e+00 1.181439205066073583e+00 1.175266162233966627e+00 1.169666783324347481e+00 1.165062460162602953e+00 1.161350989271387801e+00 1.158460584888070022e+00 1.156305328625555351e+00 1.154816646613818776e+00 1.153943948613672443e+00 1.153656418304466857e+00
1.188923065882105057e+00 1.186024158748302693e+00 1.181468081770796319e+00 1.175769670635544495e+00 1.169360805332114506e+00 1.162912781550613506e+00 1.156966008683778746e+00 1.151618308442591498e+00 1.147239164902607467e+00 1.143721023737053644e+00 1.140987674598553880e+00 1.138952944295859693e+00 1.137549125987389109e+00 1.136726755089840779e+00 1.136455899032793981e+00
1.173442843096845323e+00 1.170346975615109475e+00 1.165692739856952320e+00 1.160003968555595844e+00 1.153717114455305559e+00 1.147469788893807907e+00 1.141757923816274722e+00 1.136659888000840946e+00 1.132501055957955582e+00 1.129170106007770569e+00 1.126587846077696131e+00 1.124668583582196346e+00 1.123345852619111573e+00 1.122571497224957415e+00 1.122316538085370574e+00
1.160190873393217137e+00 1.156946386161771922e+00 1.152237641294243220e+00 1.146594292623406952e+00 1.140452052342592282e+00 1.134414828514919149e+00 1.128937607404468579e+00 1.124081295268414715e+00 1.120133522533587112e+00 1.116980456320339821e+00 1.114541026542903213e+00 1.112730544252163556e+00 1.111484032278970968e+00 1.110754750346814257e+00 1.110514704605609637e+00
1.148717003164882344e+00 1.145360193845262664e+00 1.140628861514546566e+00 1.135055460619764478e+00 1.129070895502366723e+00 1.123245964343778436e+00 1.117998081436357038e+00 1.113372575430891631e+00 1.109624586913011246e+00 1.106638776359757603e+00 1.104333047862776196e+00 1.102624087810132325e+00 1.101448567485726171e+00 1.100761217920549040e+00 1.100535038302935531e+00
1.138684619310841750e+00 1.135243525669747511e+00 1.130513443616404823e+00 1.125026863374790187e+00 1.119206802542271229e+00 1.113591941593276236e+00 1.108565290938371861e+00 1.104158349707998310e+00 1.100598146577400183e+00 1.097768641512637977e+00 1.095587373756192529e+00 1.093972666024120688e+00 1.092862934746744896e+00 1.092214402258269157e+00 1.092001051815573165e+00
1.129837113890863831e+00 1.126333899024464680e+00 1.121623142377458748e+00 1.116234908064235087e+00 1.110582034108928529e+00 1.105172328190390685e+00 1.100357340001153705e+00 1.096156338391086615e+00 1.092771917073659393e+00 1.090087982533257893e+00 1.088022222233301362e+00 1.086494773809312919e+00 1.085445849799540952e+00 1.084833158948592224e+00 1.084631648492004663e+00
1.121975514075258307e+00 1.118428025786703417e+00 1.113750442766843429e+00 1.108468258355849168e+00 1.102982463784336620e+00 1.097771390025345406e+00 1.093157840891705090e+00 1.089150304434564287e+00 1.085930048755203492e+00 1.083381444962929763e+00 1.081422726033606896e+00 1.079975961138045282e+00 1.078983176509314301e+00 1.078403545054260837e+00 1.078212950535774928e+00
1.114943189989267891e+00 1.111366014581076866e+00 1.106732277397959763e+00 1.101561067746487321e+00 1.096240360400842384e+00 1.091220485623114689e+00 1.086797993447405242e+00 1.082971896213372087e+00 1.079904781371615163e+00 1.077481897607010630e+00 1.075622329317997394e+00 1.074250146956887475e+00 1.073309183703665237e+00 1.072760042428530181e+00 1.072579511268092478e+00
1.108615169731396399e+00 1.105020366205983873e+00 1.100438712208007708e+00 1.095381353664308888e+00 1.090222474145416509e+00 1.085385908950807776e+00 1.081144234252121583e+00 1.077488156108223238e+00 1.074563842950002623e+00 1.072257747876579126e+00 1.070490040090994244e+00 1.069186825576042832e+00 1.068293720093031141e+00 1.067772714257198885e+00 1.067601465625418244e+00
1.102890525573134273e+00 1.099288151812684244e+00 1.094764920384017515e+00 1.089822764672572220e+00 1.084821614692714098e+00 1.080160311127988493e+00 1.076089537136167174e+00 1.072592736623800391e+00 1.069801601785802081e+00 1.067604046300671961e+00 1.065921499785981164e+00 1.064682111174606760e+00 1.063833241866516177e+00 1.063338222865043203e+00 1.063175544760474045e+00
1.097686851854760004e+00 1.094085351681650220e+00 1.089625382498542017e+00 1.084798639688163480e+00 1.079950583275769427e+00 1.075456529904454284e+00 1.071547165725532436e+00 1.068199602223718792e+00 1.065532731166457525e+00 1.063436124916725456e+00 1.061832603002716313e+00 1.060652344560025107e+00 1.059844410911341628e+00 1.059373423068608711e+00 1.059218667814352033e+00
1.092936195402981925e+00 1.089342690209244680e+00 1.084949624862736162e+00 1.080237647933713019e+00 1.075537725334161809e+00 1.071203073926889626e+00 1.067446108472656974e+00 1.064238434182296800e+00 1.061687593360040482e+00 1.059684967457950044e+00 1.058154858572495138e+00 1.057029448277061023e+00 1.056259446205071617e+00 1.055810711526597112e+00 1.055663290616542627e+00
1.088582012541823296e+00 1.085002525870358392e+00 1.080679040479272102e+00 1.076080539693091254e+00 1.071523620240253383e+00 1.067340766311440259e+00 1.063727690638821333e+00 1.060651225080385007e+00 1.058208823103791385e+00 1.056293786492671360e+00 1.054831963149237106e+00 1.053757498295462947e+00 1.053022694543155779e+00 1.052594597029968604e+00 1.052453975851396661e+00
1.084576863402150204e+00 1.081016497340489213e+00 1.076764484777892994e+00 1.072277691012576861e+00 1.067858582681073587e+00 1.063820214592270386e+00 1.060343024068630902e+00 1.057389719002653772e+00 1.055048762783553418e+00 1.053215456660883342e+00 1.051817234116208422e+00 1.050790157308234773e+00 1.050088064415138689e+00 1.049679134827363081e+00 1.049544827549581338e+00
1.080880643583205236e+00 1.077343719772754893e+00 1.073164434355928787e+00 1.068787224714283335e+00 1.064500752524426774e+00 1.060599879064100692e+00 1.057251062832100796e+00 1.054413462543650759e+00 1.052167512038142405e+00 1.050410564894113552e+00 1.049071661278864642e+00 1.048088728062531061e+00 1.047417080728787253e+00 1.047025982260883836e+00 1.046897547039712162e+00
1.077459212747297279e+00 1.073949386876398515e+00 1.069843560581044350e+00 1.065573555697510999e+00 1.061414617484767398e+00 1.057644580689285130e+00 1.054417103365235642e+00 1.051688303385648338e+00 1.049531427079261503e+00 1.047845911779933248e+00 1.046562410651006747e+00 1.045620659404165043e+00 1.044977392634716340e+00 1.044602907714605511e+00 1.044479942280242657e+00
1.074283320075360759e+00 1.070803676119212344e+00 1.066771612837163818e+00 1.062606252680466712e+00 1.058569858273732844e+00 1.054924336161184861e+00 1.051811615039914383e+00 1.049185221191106354e+00 1.047111953550319052e+00 1.045493347203108936e+00 1.044261662952180814e+00 1.043358387281990041e+00 1.042741616446167363e+00 1.042382634724512203e+00 1.042264772372480275e+00
1.071327754292853207e+00 1.067880883006575354e+00 1.063922535626592669e+00 1.059859138780059107e+00 1.055940436939240001e+00 1.052413439412437812e+00 1.049409319351463310e+00 1.046879408237180620e+00 1.044884709776401577e+00 1.043328856694379247e+00 1.042145702941325025e+00 1.041278426620246389e+00 1.040686429417422731e+00 1.040341936930307964e+00 1.040228842908101248e+00
1.068570665386775254e+00 1.065158730352635530e+00 1.061273764229894612e+00 1.057309574354619031e+00 1.053503870636152362e+00 1.050089730840688018e+00 1.047188458260071009e+00 1.044749539839443964e+00 1.042828760094192786e+00 1.041331837922418346e+00 1.040194198844399676e+00 1.039360653194229656e+00 1.038791853436555002e+00 1.038460922879775650e+00 1.038352291147286888e+00
1.065993018882163357e+00 1.062617812571269527e+00 1.058805658088448398e+00 1.054937880361383584e+00 1.051240648243432441e+00 1.047934010993108789e+00 1.045130207930489163e+00 1.042777190495416617e+00 1.040926033971769415e+00 1.039484522890794738e+00 1.038389627339086907e+00 1.037587730907711947e+00 1.037040683990601675e+00 1.036722466021680722e+00 1.036618016356444905e+00
1.063578153405808635e+00 1.060241145118651085e+00 1.056501041417804654e+00 1.052726871073704107e+00 1.049133758072097189e+00 1.045929566481530237e+00 1.043218205304609736e+00 1.040946362982537510e+00 1.039160858020137024e+00 1.037771512859487988e+00 1.036716811066085375e+00 1.035944651412003426e+00 1.035418031326339028e+00 1.035111746801932853e+00 1.035011222217669058e+00
1.061311419419018964e+00 1.058013796540230533e+00 1.054344828046340332e+00 1.050661472663933393e+00 1.047168302733637146e+00 1.044061783863407866e+00 1.041438163012617490e+00 1.039243105790734312e+00 1.037519576200168103e+00 1.036179401253376486e+00 1.035162543909079247e+00 1.034418361300043721e+00 1.033910949037208038e+00 1.033615882093056104e+00 1.033519046540011921e+00
1.059179882249226878e+00 1.055922585938326552e+00 1.052323712953483037e+00 1.048728409761694902e+00 1.045331182958256111e+00 1.042317833039495323e+00 1.039777554017286443e+00 1.037655200207544759e+00 1.035990239502261323e+00 1.034696465819143540e+00 1.033715285302238440e+00 1.032997458137868252e+00 1.032508131343816915e+00 1.032223623228342602e+00 1.032130259545405604e+00
1.057172076439421460e+00 1.053955832646680468e+00 1.050425917035090917e+00 1.046915946239785677e+00 1.043610836377677709e+00 1.040686406011910536e+00 1.038225351729062718e+00 1.036171902748896034e+00 1.034562350773968520e+00 1.033312415705300635e+00 1.032364909247649010e+00 1.031671941026078176e+00 1.031199664769917534e+00 1.030925108348838437e+00 1.030835016439571206e+00
1.055277801344277622e+00 1.052103147865750765e+00 1.048640974651319446e+00 1.045213669572885529e+00 1.041997020440102562e+00 1.039157500046936855e+00 1.036771814564870997e+00 1.034783731884977076e+00 1.033226653641321935e+00 1.032018182419516927e+00 1.031102497010119468e+00 1.030433004672350217e+00 1.029976823206115277e+00 1.029711658062666624e+00 1.029624653269922696e+00
1.053487950098632719e+00 1.050355260250771972e+00 1.046959555794944707e+00 1.043612310445003910e+00 1.040480630999454092e+00 1.037722236695677092e+00 1.035408306356365271e+00 1.033482290457061525e+00 1.031974956924650133e+00 1.030805746077396057e+00 1.029920164919414294e+00 1.029272868419964349e+00 1.028831897818095698e+00 1.028575605880953203e+00 1.028491517537282185e+00
1.051794365756452354e+00 1.048703869147337153e+00 1.045373316453929391e+00 1.042103591053455958e+00 1.039053549925233799e+00 1.036372709954510807e+00 1.034127145858841468e+00 1.032260117035360025e+00 1.030799987808883822e+00 1.029667990218423368e+00 1.028810920572410081e+00 1.028184633539853232e+00 1.027758055118477731e+00 1.027510156756718862e+00 1.027428826890238955e+00
1.050189719681916545e+00 1.047141520475110887e+00 1.043874772072881596e+00 1.040680096915205022e+00 1.037708516461435915e+00 1.035101858247333917e+00 1.032921480023626382e+00 1.031110560885009519e+00 1.029695268448033829e+00 1.028598579885254383e+00 1.027768542147903030e+00 1.027162163513313242e+00 1.026749217940394310e+00 1.026509268471647696e+00 1.026430550649361839e+00
1.048667408266642953e+00 1.045661501269408600e+00 1.042457190046271354e+00 1.039335168030424805e+00 1.036439018130075107e+00 1.033903355991679041e+00 1.031785176784888014e+00 1.030027676298679307e+00 1.028655011776041572e+00 1.027591858754831833e+00 1.026787476638306940e+00 1.026199983123048387e+00 1.025799965140581138e+00 1.025567551704731795e+00 1.025491309997369260e+00
1.047221464819834136e+00 1.044257749675812530e+00 1.041114497976503239e+00 1.038062806074358635e+00 1.035239197804775690e+00 1.032771521350266397e+00 1.030712733956780314e+00 1.029006132901014281e+00 1.027674033143148646e+00 1.026642761956014560e+00 1.025862753647528436e+00 1.025293193014114257e+00 1.024905446702700562e+00 1.024680185459153181e+00 1.024606293513507849e+00
1.045846484083951200e+00 1.042924777808546422e+00 1.039841205057018270e+00 1.036857594928067838e+00 1.034103774229810035e+00 1.031701237426464468e+00 1.029699201497531691e+00 1.028041139191640418e+00 1.026747675058061082e+00 1.025746741868466261e+00 1.024989912063117403e+00 1.024437397043947318e+00 1.024061311568298605e+00 1.023842845179810723e+00 1.023771185386239013e+00
1.044537557306478348e+00 1.041657605368835782e+00 1.038632334435217741e+00 1.035714632363023746e+00 1.033027973772306263e+00 1.030687884679625244e+00 1.028740114917077175e+00 1.027128377113650126e+00 1.025871742835659850e+00 1.024899704715837023e+00 1.024164937427767486e+00 1.023628640256473377e+00 1.023263646037695151e+00 1.023051641408249779e+00 1.022982104152480698e+00
1.043290216177739316e+00 1.040451702304790338e+00 1.037483364802569419e+00 1.034629471094718367e+00 1.032007471601715798e+00 1.029727282746414119e+00 1.027831438016659549e+00 1.026263945846082493e+00 1.025042449360721308e+00 1.024097956175754387e+00 1.023384208243476756e+00 1.022863355722418488e+00 1.022508920989395609e+00 1.022303067227507301e+00 1.022235550217235778e+00
1.042100384247594436e+00 1.039302939101930168e+00 1.036390179772647357e+00 1.033598067739981863e+00 1.031038340814885546e+00 1.028815640181279578e+00 1.026969513476863938e+00 1.025444313346524527e+00 1.024256367504745802e+00 1.023338154554581658e+00 1.022644449765939045e+00 1.022138318811196322e+00 1.021793946489090166e+00 1.021593953071388450e+00 1.021528360729278218e+00
1.040964334676992786e+00 1.038207543540372368e+00 1.035349023859481576e+00 1.032616738469146256e+00 1.030117008285228453e+00 1.027949510891401630e+00 1.026151020073359899e+00 1.024666274432167956e+00 1.023510388994229858e+00 1.022617270334996498e+00 1.021942694105752336e+00 1.021450607717838244e+00 1.021115832616712904e+00 1.020921427729679420e+00 1.020857670645411108e+00
1.039878653376533180e+00 1.037162062953942865e+00 1.034356464071664039e+00 1.031682120351194110e+00 1.029240216224347693e+00 1.027125756252792677e+00 1.025372935511257744e+00 1.023926914398636701e+00 1.022801688738746106e+00 1.021932551113432064e+00 1.021276245661027593e+00 1.020797569275609051e+00 1.020471955546598419e+00 1.020282884586979133e+00 1.020220879021872085e+00
1.038840206743308237e+00 1.036163331188081793e+00 1.033409356302412929e+00 1.030791137557911963e+00 1.028404988614606941e+00 1.026341512065433781e+00 1.024632504040290382e+00 1.023223577346541679e+00 1.022127693796926140e+00 1.021281491113189999e+00 1.020642651073881968e+00 1.020176789252116301e+00 1.019859928082391898e+00 1.019675952299129662e+00 1.019615619737631151e+00
1.037846113336942988e+00 1.035208439585118656e+00 1.032504815830108447e+00 1.029940971729933707e+00 1.027608601809744782e+00 1.025594159644695358e+00 1.023927208152362267e+00 1.022553838524365544e+00 1.021486056296269984e+00 1.020661804595999866e+00 1.020039673039459860e+00 1.019586066462237373e+00 1.019277573983407015e+00 1.019098469245969696e+00 1.019039735988991335e+00
1.036893718941884091e+00 1.034294711433332958e+00 1.031640191353791147e+00 1.029129035919607693e+00 1.026848558714076765e+00 1.024881300460272149e+00 1.023254743776847775e+00 1.021915480109492069e+00 1.020874629735133432e+00 1.020071402606448574e+00 1.019465267407097420e+00 1.019023390141583940e+00 1.018722905529112710e+00 1.018548461208861999e+00 1.018491258004526001e+00
1.035980574550240396e+00 1.033419679404914859e+00 1.030813042078617681e+00 1.028352951617809818e+00 1.026122566044075812e+00 1.024200733827472121e+00 1.022612998482441693e+00 1.021306469942004469e+00 1.020291448187374828e+00 1.019508372575140376e+00 1.018917563104051016e+00 1.018486920114538119e+00 1.018194103858363508e+00 1.018024121811166971e+00 1.017968383519051390e+00
1.035104416871526878e+00 1.032581065581178903e+00 1.030021117441005440e+00 1.027610528447947091e+00 1.025428514253107659e+00 1.023550437232922050e+00 1.022000032271364267e+00 1.020724942802318402e+00 1.019734708005938018e+00 1.018970960381632374e+00 1.018394844486865125e+00 1.017974969365095461e+00 1.017689501693883614e+00 1.017523795333533876e+00 1.017469460618949606e+00
1.034263151035383910e+00 1.031776763724146839e+00 1.029262339125212478e+00 1.026899746173548511e+00 1.024764459763905400e+00 1.022928548940703397e+00 1.021414060615428943e+00 1.020169183886904918e+00 1.019202751684286756e+00 1.018457554540274534e+00 1.017895535787050054e+00 1.017485988679981634e+00 1.017207568123459138e+00 1.017045961576646063e+00 1.016992972631882042e+00
1.033454835203035493e+00 1.031004823504170664e+00 1.028534785074737945e+00 1.026218738718400525e+00 1.024128609206454987e+00 1.022333352578099541e+00 1.020853439436401500e+00 1.019637614188797725e+00 1.018694053586534309e+00 1.017966672223538538e+00 1.017418187368784421e+00 1.017018553084196197e+00 1.016746895159740482e+00 1.016589222494378442e+00 1.016537524784195456e+00
1.032677666844768805e+00 1.030263436435543856e+00 1.027836675245076714e+00 1.025565779942126721e+00 1.023519305403301383e+00 1.021763263444490200e+00 1.020316651777192662e+00 1.019128777533279573e+00 1.018207207300358963e+00 1.017496946880229958e+00 1.016961463558800016e+00 1.016571349831303817e+00 1.016306185842510201e+00 1.016152290362132282e+00 1.016101832391088644e+00
1.031929970475508052e+00 1.029550923307483323e+00 1.027166358880588382e+00 1.024939270950942616e+00 1.022935014881449556e+00 1.021216816324096222e+00 1.019802295947346060e+00 1.018641329055659295e+00 1.017740914402911701e+00 1.017047117241729692e+00 1.016524131844029899e+00 1.016143167745950704e+00 1.015884243682242172e+00 1.015733977279979827e+00 1.015684710379444411e+00
1.031210186669828444e+00 1.028865722927694071e+00 1.026522303128694746e+00 1.024337728754331378e+00 1.022374316721276655e+00 1.020692654614473449e+00 1.019309074957271966e+00 1.018174024938688582e+00 1.017293974460212302e+00 1.016616017539354377e+00 1.016105053262264635e+00 1.015732887745525170e+00 1.015479963273064223e+00 1.015333185839440544e+00 1.015285063972384272e+00
1.030516862202456752e+00 1.028206382020920628e+00 1.025903082830386115e+00 1.023759776104558705e+00 1.021835892579245009e+00 1.020189520608983047e+00 1.018835787081765698e+00 1.017725713252963571e+00 1.016865276105986871e+00 1.016202568781106708e+00 1.015703173835993178e+00 1.015339474392619623e+00 1.015092321927827834e+00 1.014948900807217891e+00 1.014901880389072364e+00
1.029848641181215996e+00 1.027571546146219150e+00 1.025307371347803365e+00 1.023204132378120690e+00 1.021318517743521559e+00 1.019706246793715243e+00 1.018381317415427256e+00 1.017295325765413150e+00 1.016453789067400360e+00 1.015805770957310949e+00 1.015317516920617891e+00 1.014961968350787336e+00 1.014720372208699706e+00 1.014580181699858974e+00 1.014534221433929018e+00
1.029204257057138472e+00 1.026959951514820002e+00 1.024733932308215412e+00 1.022669605377050317e+00 1.020821053100547715e+00 1.019241748038214102e+00 1.017944630301269582e+00 1.016881870599428028e+00 1.016058557023317599e+00 1.015424696062598109e+00 1.014947176355993408e+00 1.014599479633701895e+00 1.014363235244207795e+00 1.014226156140759505e+00 1.014181216866824053e+00
1.028582525411589677e+00 1.026370417605898089e+00 1.024181612159502652e+00 1.022155083944068066e+00 1.020342437906747612e+00 1.018795014575416324e+00 1.017524762529695481e+00 1.016484425645829859e+00 1.015678691196162386e+00 1.015058481836926374e+00 1.014591310325315465e+00 1.014251181552771275e+00 1.014020094738510958e+00 1.013886013905708650e+00 1.013842058460594497e+00
1.027982337433183346e+00 1.025801840490780270e+00 1.023649333445766585e+00 1.021659531299266899e+00 1.019881683273322182e+00 1.018365105679911897e+00 1.017120817218573281e+00 1.016102132637229039e+00 1.015313364591590828e+00 1.014706326141304515e+00 1.014249135838198201e+00 1.013916305280946339e+00 1.013690191591276824e+00 1.013559001575743190e+00 1.013515994664779818e+00
1.027402654008322314e+00 1.025253186787435045e+00 1.023136088723264336e+00 1.021181979017783181e+00 1.019437866283880112e+00 1.017951143965348360e+00 1.016731958296703597e+00 1.015734191809704035e+00 1.014961806811405909e+00 1.014367481894925982e+00 1.013919923765704167e+00 1.013594134961305571e+00 1.013372819057313245e+00 1.013244417726791635e+00 1.013202325805168336e+00
1.026842500358721821e+00 1.024723488176823016e+00 1.022640935046812416e+00 1.020721521577988566e+00 1.019010124674770923e+00 1.017552310231862656e+00 1.016357405522895219e+00 1.015379857085494830e+00 1.014623299374740162e+00 1.014041252509899182e+00 1.013602994364441789e+00 1.013284003298237979e+00 1.013067318384287319e+00 1.012941608594740028e+00 1.012900399757881598e+00
1.026300961167452730e+00 1.024211836421066391e+00 1.022162988965389152e+00 1.020277311418446020e+00 1.018597652016703270e+00 1.017167838803048951e+00 1.015996429981391946e+00 1.015038431718775280e+00 1.014297171490775140e+00 1.013726987767864962e+00 1.013297713234856845e+00 1.012985287576995796e+00 1.012773074874744328e+00 1.012649964162400940e+00 1.012609608044574117e+00
1.025777176142113944e+00 1.023717378830637070e+00 1.021701421973058022e+00 1.019848554449369837e+00 1.018199693343741385e+00 1.016797013299436614e+00 1.015648350001720601e+00 1.014709264353780505e+00 1.013982796233345196e+00 1.013424080089767587e+00 1.013003487665730340e+00 1.012697406064194006e+00 1.012489514325412010e+00 1.012368914621605942e+00 1.012329382302038283e+00
1.025270335969862279e+00 1.023239314134037015e+00 1.021255456367761827e+00 1.019434505970828742e+00 1.017815541182273353e+00 1.016439162801874518e+00 1.015312527457381986e+00 1.014391745450780258e+00 1.013679587073884392e+00 1.013131961156065408e+00 1.012719763322830424e+00 1.012419814747715474e+00 1.012216099802595526e+00 1.012097927169438139e+00 1.012059191085308729e+00
1.024779678624331503e+00 1.022776888708882614e+00 1.020824361476093456e+00 1.019034466955568874e+00 1.017444531938179519e+00 1.016093658363795615e+00 1.014988364403272669e+00 1.014085304040769797e+00 1.013386994734457369e+00 1.012850098839855217e+00 1.012446021244786332e+00 1.012152004379541559e+00 1.011952328717510730e+00 1.011836503102641949e+00 1.011798536968357975e+00
1.024304485989093516e+00 1.022329393138040610e+00 1.020407450206994637e+00 1.018647780659227564e+00 1.017086042605311880e+00 1.015759909836176478e+00 1.014675300016492310e+00 1.013789404774406933e+00 1.013104504327182909e+00 1.012577994419882499e+00 1.012181775113693893e+00 1.011893497789424945e+00 1.011697730169751175e+00 1.011584175178568801e+00 1.011546953910806179e+00
1.023844080766327602e+00 1.021896159058593323e+00 1.020004075901556062e+00 1.018273829524984242e+00 1.016739487762671867e+00 1.015437362973199198e+00 1.014372807809315713e+00 1.013503545234774483e+00 1.012831632750331945e+00 1.012315180044316421e+00 1.011926568771804424e+00 1.011643847441116906e+00 1.011451862530855061e+00 1.011340505214785246e+00 1.011304004862812800e+00
1.023397823642880899e+00 1.021476556275010994e+00 1.019613629449781511e+00 1.017912032353409435e+00 1.016404316831364119e+00 1.015125496790308945e+00 1.014080393086710163e+00 1.013227253487064994e+00 1.012567926314836608e+00 1.012061216419556819e+00 1.011679973958993228e+00 1.011402633206174961e+00 1.011214311243231245e+00 1.011105081902724745e+00 1.011069279583582725e+00
1.022965110688977441e+00 1.021069990111074688e+00 1.019235536648393392e+00 1.017561841711544623e+00 1.016080011565676955e+00 1.014823821149543059e+00 1.013797590623918943e+00 1.012960085841363433e+00 1.012312958577950894e+00 1.011815690701297177e+00 1.011441588248622070e+00 1.011169460333256609e+00 1.010984686812548050e+00 1.010877518813618536e+00 1.010842392651757127e+00
1.022545370967519629e+00 1.020675898977854379e+00 1.018869255776608140e+00 1.017222741558092114e+00 1.015766083755462512e+00 1.014531874549819301e+00 1.013523962542373758e+00 1.012701624807381684e+00 1.012066328363441459e+00 1.011578214567655731e+00 1.011211033161945938e+00 1.010943957593311016e+00 1.010762622974186620e+00 1.010657452577408133e+00 1.010622981648431562e+00
1.022138064334300989e+00 1.020293752137489962e+00 1.018514275369280853e+00 1.016894245064111191e+00 1.015462073119494768e+00 1.014249222102327819e+00 1.013259096364614864e+00 1.012451477222353402e+00 1.011827657949977421e+00 1.011348422456435747e+00 1.010987952443446636e+00 1.010725775583289687e+00 1.010547775016537697e+00 1.010444541217521364e+00 1.010410705495712547e+00
1.021742679411533405e+00 1.019923047644657021e+00 1.018170112169013874e+00 1.016575892610816378e+00 1.015167545371676416e+00 1.013975453673321425e+00 1.013002603230988896e+00 1.012209272535357529e+00 1.011596591411416668e+00 1.011125969950564363e+00 1.010772010481416405e+00 1.010514585172909818e+00 1.010339818245833410e+00 1.010238462626287248e+00 1.010205242935617420e+00
1.021358731718922108e+00 1.019563310449499438e+00 1.017836309240759629e+00 1.016267249948025198e+00 1.014882090443893770e+00 1.013710182178504615e+00 1.012754116262778448e+00 1.011974661233152606e+00 1.011372793094449607e+00 1.010910532297489617e+00 1.010562890859829421e+00 1.010310076080705999e+00 1.010138446578875415e+00 1.010038913167430774e+00 1.010006291135786771e+00
1.020985761948155268e+00 1.019214090647478921e+00 1.017512434234145946e+00 1.015967906498516982e+00 1.014605320851022618e+00 1.013453042014887950e+00 1.012513289058024402e+00 1.011747313394193437e+00 1.011155946220623658e+00 1.010701803049848913e+00 1.010360295029045785e+00 1.010111955567080333e+00 1.009943371251494248e+00 1.009845606393557693e+00 1.009813564409938857e+00
1.020623334368105262e+00 1.018874961863067696e+00 1.017198077780272714e+00 1.015677473795081109e+00 1.014336870185095885e+00 1.013203687617456827e+00 1.012279794307764824e+00 1.011526917358918531e+00 1.010945751601144638e+00 1.010499492816070877e+00 1.010163941084210260e+00 1.009919947233378634e+00 1.009754319631878117e+00 1.009658271867822199e+00 1.009626793042285975e+00
1.020271035349314737e+00 1.018545519755531092e+00 1.016892852011056281e+00 1.015395584038385257e+00 1.014076391726975279e+00 1.012961792129308369e+00 1.012053322521680121e+00 1.011313178505626853e+00 1.010741926454070461e+00 1.010303328110754073e+00 1.009973562641387490e+00 1.009733789917167668e+00 1.009571034129039591e+00 1.009476654080119662e+00 1.009445722206266716e+00
1.019928471997475716e+00 1.018225380636204491e+00 1.016596389190397298e+00 1.015121888764979552e+00 1.013823557165044686e+00 1.012727046175064594e+00 1.011833580853264802e+00 1.011105818122370881e+00 1.010544203314575062e+00 1.010113050295724957e+00 1.009788907802497082e+00 1.009553236674913812e+00 1.009393271187718044e+00 1.009300511449136240e+00 1.009270110968951917e+00
1.019595270886610727e+00 1.017914180187710516e+00 1.016308340447495295e+00 1.014856057615818097e+00 1.013578055411504586e+00 1.012499156728399186e+00 1.011620292015646960e+00 1.010904572366264187e+00 1.010352329029922114e+00 1.009928414603604274e+00 1.009609738201040718e+00 1.009378053844165901e+00 1.009220800361891213e+00 1.009129615402492908e+00 1.009099731373369169e+00
1.019271076883564886e+00 1.017611572276486243e+00 1.016028374603583861e+00 1.014597777196625028e+00 1.013339591507762760e+00 1.012277846065431142e+00 1.011413193280063183e+00 1.010709191302461729e+00 1.010166063831622107e+00 1.009749189236538447e+00 1.009435828121411083e+00 1.009208020178139042e+00 1.009053403459877263e+00 1.008963749527997278e+00 1.008934367591779679e+00
1.018955552056217684e+00 1.017317227850812689e+00 1.015756177084190748e+00 1.014346750022264931e+00 1.013107885611261638e+00 1.012062850796538127e+00 1.011212035549792887e+00 1.010519438015847760e+00 1.009985180478004674e+00 1.009575154533483676e+00 1.009266963685303109e+00 1.009042926046319177e+00 1.008890873754704431e+00 1.008802708789726221e+00 1.008773815143641173e+00
1.018648374658537747e+00 1.017030833917277999e+00 1.015491448909787264e+00 1.014102693538039945e+00 1.012882672056811151e+00 1.011853920969881804e+00 1.011016582503050598e+00 1.010335087789144159e+00 1.009809463461096124e+00 1.009406102200085753e+00 1.009102942099385558e+00 1.008882572695327884e+00 1.008733015254054788e+00 1.008646298803277164e+00 1.008617880172604675e+00
1.018349238186243566e+00 1.016752092589262357e+00 1.015233905758350375e+00 1.013865339211499794e+00 1.012663698486168329e+00 1.011650819240569321e+00 1.010826609798971543e+00 1.010155927341762405e+00 1.009638708272291296e+00 1.009241834595776321e+00 1.008943570958958480e+00 1.008726771564858904e+00 1.008579642024644452e+00 1.008494335165085465e+00 1.008466378777457706e+00
1.018057850497404937e+00 1.016480720201629273e+00 1.014983277093973957e+00 1.013634431688947402e+00 1.012450725040185295e+00 1.011453320099957809e+00 1.010641904341377018e+00 1.009981754124267939e+00 1.009472720721839467e+00 1.009082164073228149e+00 1.008788667602835476e+00 1.008575343653993261e+00 1.008430577566401309e+00 1.008346642831198237e+00 1.008319136392408444e+00
1.017773932992839470e+00 1.016216446486329472e+00 1.014739305356197052e+00 1.013409728011374966e+00 1.012243523608387097e+00 1.011261209160128960e+00 1.010462263595519827e+00 1.009812375663815542e+00 1.009311316307634376e+00 1.008926912365772477e+00 1.008638058515145541e+00 1.008428118933654360e+00 1.008285654232242479e+00 1.008203055541331938e+00 1.008175987212553082e+00
1.017497219851613455e+00 1.015959013804109023e+00 1.014501745205201200e+00 1.013190996885035666e+00 1.012041877131305778e+00 1.011074282489009768e+00 1.010287494953443499e+00 1.009647608956337539e+00 1.009154319629224528e+00 1.008775910018796518e+00 1.008491578770147168e+00 1.008284935801359250e+00 1.008144712689656775e+00 1.008063415284444098e+00 1.008036773660759389e+00
1.017227457317376738e+00 1.015708176427936760e+00 1.014270362818469051e+00 1.012978018002290925e+00 1.011845578951331426e+00 1.010892345992049357e+00 1.010117415144004882e+00 1.009487279901676748e+00 1.009001563843339389e+00 1.008628995861510891e+00 1.008349071516523754e+00 1.008145640574785729e+00 1.008007601420640720e+00 1.007927571802393452e+00 1.007901345892550982e+00
1.016964403031637598e+00 1.015463699874154191e+00 1.014044935234881928e+00 1.012770581408776183e+00 1.011654432208221932e+00 1.010715214836716669e+00 1.009951849683963898e+00 1.009331222778184989e+00 1.008852890157568627e+00 1.008486016515810491e+00 1.008210387497945781e+00 1.008010087020995815e+00 1.007874176256869925e+00 1.007795382128585659e+00 1.007769561335896347e+00
1.016707825410416932e+00 1.015225360277697275e+00 1.013825249742593027e+00 1.012568486913260069e+00 1.011468249275752296e+00 1.010542712916428609e+00 1.009790632366871277e+00 1.009179279753639635e+00 1.008708147359135943e+00 1.008346825939244074e+00 1.008075384606984537e+00 1.007878135918439222e+00 1.007744299947263666e+00 1.007666710158783951e+00 1.007641284263087522e+00
1.016457503061028556e+00 1.014992943808060266e+00 1.013611103307327843e+00 1.012371543536906504e+00 1.011286851236302908e+00 1.010374672350820902e+00 1.009633604786775996e+00 1.009031300429601652e+00 1.008567191375982608e+00 1.008211284999392499e+00 1.007943927469721279e+00 1.007749654649134685e+00 1.007617841755359622e+00 1.007541426251518768e+00 1.007516385392146940e+00
1.016213224236010015e+00 1.014766246122944748e+00 1.013402302038050262e+00 1.012179568998926582e+00 1.011110067390464273e+00 1.010210933019538349e+00 1.009480615894038591e+00 1.008887141416604072e+00 1.008429884867630300e+00 1.008079261077173827e+00 1.007815887058637339e+00 1.007624516818640403e+00 1.007494677084147083e+00 1.007419406855760702e+00 1.007394741515434289e+00
1.015974786321476531e+00 1.014545071856807423e+00 1.013198660687200325e+00 1.011992389235864431e+00 1.010937734798983412e+00 1.010051342126975005e+00 1.009331521580776103e+00 1.008746665937779508e+00 1.008296096843509959e+00 1.007950627696836410e+00 1.007691140331580471e+00 1.007502601901652195e+00 1.007374687126218360e+00 1.007300534163727779e+00 1.007276235153328869e+00
1.015741995357395400e+00 1.014329234141745584e+00 1.013000002182934844e+00 1.011809837952003077e+00 1.010769697854613680e+00 1.009895753795611473e+00 1.009186184293672239e+00 1.008609743458749097e+00 1.008165702306641265e+00 1.007825264180579605e+00 1.007569569894797068e+00 1.007383794911253183e+00 1.007257758537280390e+00 1.007184695786888629e+00 1.007160754231048339e+00
1.015514665587488041e+00 1.014118554158371044e+00 1.012806157191027179e+00 1.011631756198579479e+00 1.010605807881632012e+00 1.009744028685797268e+00 1.009044472672090187e+00 1.008476249341782927e+00 1.008038581920744914e+00 1.007703055325925856e+00 1.007451063688196813e+00 1.007267986090000900e+00 1.007143783131240200e+00 1.007071784453380969e+00 1.007048191776837243e+00
1.015292619036648469e+00 1.013912860714516473e+00 1.012616963704265016e+00 1.011457991979696436e+00 1.010445922760976334e+00 1.009596033640012713e+00 1.008906261209589372e+00 1.008346064522408492e+00 1.007914621699016466e+00 1.007583891104130380e+00 1.007335514691164446e+00 1.007155070621210902e+00 1.007032657595239300e+00 1.006961697725231586e+00 1.006938445639905533e+00
1.015075685113940640e+00 1.013711989849795270e+00 1.012432266657372404e+00 1.011288399882988909e+00 1.010289906579125097e+00 1.009451641349802919e+00 1.008771429937119546e+00 1.008219075206798099e+00 1.007793712712947709e+00 1.007467666378057514e+00 1.007222820647390327e+00 1.007044948358915670e+00 1.006924283223130212e+00 1.006854337733891214e+00 1.006831418226637798e+00
1.014863700239390987e+00 1.013515784464192437e+00 1.012251917565630821e+00 1.011122840733265749e+00 1.010137629298999862e+00 1.009310730043728732e+00 1.008639864126296137e+00 1.008095172588407529e+00 1.007675750819724048e+00 1.007354280638082411e+00 1.007112883807305792e+00 1.006937523575122784e+00 1.006818565666041554e+00 1.006749610932724526e+00 1.006727016253718521e+00
1.014656507492927240e+00 1.013324093969004913e+00 1.012075774185533072e+00 1.010961181267485687e+00 1.009988966451303760e+00 1.009173183194819412e+00 1.008511454011302266e+00 1.007974252582462871e+00 1.007560636406829691e+00 1.007243637754702270e+00 1.007005610686835473e+00 1.006832704723098715e+00 1.006715414698766908e+00 1.006647427865213329e+00 1.006625150516929912e+00
1.014453956283954517e+00 1.013136773958590586e+00 1.011903700195922573e+00 1.010803293829563465e+00 1.009843798844844320e+00 1.009038889246123727e+00 1.008386094528079369e+00 1.007856215577007886e+00 1.007448274152626055e+00 1.007135645746643826e+00 1.006900911841284829e+00 1.006730404215515406e+00 1.006614744000832395e+00 1.006547702947727219e+00 1.006525735674483002e+00
1.014255902040163804e+00 1.012953685901496703e+00 1.011735564898203377e+00 1.010649056083618991e+00 1.009702012294503959e+00 1.008907741353083365e+00 1.008263685069568760e+00 1.007740966199325960e+00 1.007338572801751209e+00 1.007030216563354896e+00 1.006798701653268457e+00 1.006630538216390702e+00 1.006516470951185127e+00 1.006450354265814973e+00 1.006428690043837060e+00
1.014062205914284753e+00 1.012774696849652711e+00 1.011571242934309112e+00 1.010498350744387874e+00 1.009563497365620011e+00 1.008779637141542729e+00 1.008144129255879262e+00 1.007628413096651965e+00 1.007231444954295174e+00 1.006927265880858569e+00 1.006698898133685960e+00 1.006533026445839418e+00 1.006420516435530432e+00 1.006355303383051236e+00 1.006333935411039215e+00
1.013872734507586859e+00 1.012599679164415178e+00 1.011410614021224230e+00 1.010351065323620068e+00 1.009428149133644537e+00 1.008654478480307093e+00 1.008027334718330392e+00 1.007518468730170147e+00 1.007126806867776336e+00 1.006826712910027677e+00 1.006601422734823892e+00 1.006437791996730891e+00 1.006326804665426788e+00 1.006262475161550096e+00 1.006241396851707881e+00
1.013687359609025451e+00 1.012428510258336134e+00 1.011253562700940689e+00 1.010207091891372810e+00 1.009295866958033638e+00 1.008532171267246369e+00 1.007913212896416333e+00 1.007411049181372587e+00 1.007024578271032977e+00 1.006728480216414479e+00 1.006506200174733801e+00 1.006344761162418777e+00 1.006235263008310898e+00 1.006171797593332418e+00 1.006151002562837737e+00
1.013505957949009773e+00 1.012261072351620550e+00 1.011099978104819552e+00 1.010066326851199126e+00 1.009166554269398164e+00 1.008412625228018555e+00 1.007801678846798277e+00 1.007306073969930882e+00 1.006924682189202613e+00 1.006632493550833507e+00 1.006413158272108532e+00 1.006253863274780835e+00 1.006145821827702624e+00 1.006083201641789771e+00 1.006062683704681104e+00
1.013328410966845450e+00 1.012097252242306622e+00 1.010949753731402723e+00 1.009928670728296396e+00 1.009040118369025407e+00 1.008295753726560218e+00 1.007692651063512468e+00 1.007203465882295035e+00 1.006827044779035507e+00 1.006538681689966186e+00 1.006322227790936052e+00 1.006165030551855022e+00 1.006058414332882789e+00 1.005996621092555943e+00 1.005976374252008476e+00
1.013154604590972951e+00 1.011936941089282005e+00 1.010802787236791511e+00 1.009794027969762364e+00 1.008916470239943131e+00 1.008181473586549304e+00 1.007586051308633657e+00 1.007103150810290337e+00 1.006731595173838922e+00 1.006446976286302419e+00 1.006233342294267308e+00 1.006078197954422437e+00 1.005972976437406352e+00 1.005911992413141665e+00 1.005892010854113394e+00
1.012984429031188460e+00 1.011780034207304002e+00 1.010658980236774251e+00 1.009662306756157868e+00 1.008795524368763408e+00 1.008069704923114873e+00 1.007481804452696306e+00 1.007005057599047682e+00 1.006638265337405969e+00 1.006357311726791881e+00 1.006146438006480626e+00 1.005993303050933152e+00 1.005889446625847894e+00 1.005829254620743463e+00 1.005809532702970133e+00
1.012817778582087103e+00 1.011626430873262317e+00 1.010518238119943124e+00 1.009533418823642448e+00 1.008677198577600409e+00 1.007960370984114951e+00 1.007379838324229393e+00 1.006909117903643791e+00 1.006546989926332625e+00 1.006269624999627244e+00 1.006061453683481099e+00 1.005910285890219358e+00 1.005807765828234279e+00 1.005748349157678190e+00 1.005728881408997744e+00
1.012654551437028649e+00 1.011476034142965830e+00 1.010380469871099196e+00 1.009407279295998494e+00 1.008561413865401546e+00 1.007853398000357670e+00 1.007280083567803741e+00 1.006815266053877389e+00 1.006457706160165166e+00 1.006183855568616226e+00 1.005978330490303385e+00 1.005829088881475819e+00 1.005727877301653361e+00 1.005669219773940304e+00 1.005650000883928863e+00
1.012494649511969769e+00 1.011328750677799926e+00 1.010245587904286424e+00 1.009283806525910654e+00 1.008448094258090677e+00 1.007748715044185506e+00 1.007182473510039200e+00 1.006723438926653502e+00 1.006370353698871289e+00 1.006099945254651074e+00 1.005897011885638292e+00 1.005749656681033333e+00 1.005649726518566212e+00 1.005591812416410047e+00 1.005572837230311656e+00
1.012337978278554207e+00 1.011184490580628870e+00 1.010113507904855545e+00 1.009162921944911195e+00 1.008337166666954055e+00 1.007646253895883026e+00 1.007086944033055653e+00 1.006633575825477411e+00 1.006284874527153539e+00 1.006017838123809405e+00 1.005817443512826648e+00 1.005671936085483775e+00 1.005573261061386781e+00 1.005516075124282427e+00 1.005497338637218574e+00
1.012184446605892907e+00 1.011043167240379681e+00 1.009984148679984317e+00 1.009044549921444878e+00 1.008228560754749425e+00 1.007545948917411227e+00 1.006993433454894005e+00 1.006545618366608164e+00 1.006201212845168280e+00 1.005937480381660309e+00 1.005739573096908090e+00 1.005595875930742178e+00 1.005498430522924425e+00 1.005441957930312658e+00 1.005423455281755363e+00
1.012033966610510483e+00 1.010904697184769052e+00 1.009857432017135848e+00 1.008928617626545510e+00 1.008122208809048015e+00 1.007447736933003046e+00 1.006901882416459504e+00 1.006459510371441546e+00 1.006119314965242539e+00 1.005858820273381360e+00 1.005663350347333784e+00 1.005521426996670797e+00 1.005425186412313154e+00 1.005369412767506354e+00 1.005351139236001057e+00
1.011886453513955342e+00 1.010768999940676149e+00 1.009733282549962752e+00 1.008815054906650355e+00 1.008018045622360415e+00 1.007351557116187513e+00 1.006812233774582621e+00 1.006375197764731722e+00 1.006039129214203021e+00 1.005781807989314380e+00 1.005588726865986215e+00 1.005448541916908134e+00 1.005353482066078774e+00 1.005298393380907873e+00 1.005280344379033464e+00
1.011741825507625814e+00 1.010635997901701000e+00 1.009611627631201047e+00 1.008703794163112066e+00 1.007916008378622497e+00 1.007257350882845737e+00 1.006724432500808009e+00 1.006292628478285378e+00 1.005960605840971356e+00 1.005706395575618473e+00 1.005515656060168350e+00 1.005377175093575604e+00 1.005283272564019281e+00 1.005228855244165276e+00 1.005211026313718170e+00
1.011600003624369970e+00 1.010505616202472368e+00 1.009492397212128578e+00 1.008594770237998262e+00 1.007816036545650995e+00 1.007165061789920824e+00 1.006638425585559826e+00 1.006211752359785550e+00 1.005883696929092741e+00 1.005632536849706105e+00 1.005444093060254840e+00 1.005307282616557440e+00 1.005214514649599433e+00 1.005160755480572377e+00 1.005143142287964642e+00
1.011460911616467673e+00 1.010377782599302776e+00 1.009375523728194723e+00 1.008487920305795260e+00 1.007718071773202606e+00 1.007074635439435539e+00 1.006554161947351256e+00 1.006132521086430476e+00 1.005808356313892871e+00 1.005560187320157839e+00 1.005373994641714841e+00 1.005238822187070280e+00 1.005147166654576152e+00 1.005094052788310544e+00 1.005076651120168751e+00
1.011324475839610049e+00 1.010252427356811200e+00 1.009260941990444804e+00 1.008383183770659386e+00 1.007622057796294879e+00 1.006986019387495990e+00 1.006471592346727340e+00 1.006054888083089738e+00 1.005734539503982283e+00 1.005489304110847693e+00 1.005305319151235111e+00 1.005171753045254635e+00 1.005081188427595418e+00 1.005028707369630459e+00 1.005011513128589051e+00
1.011190625142531330e+00 1.010129483140163709e+00 1.009148589082399239e+00 1.008280502168881876e+00 1.007527940343473816e+00 1.006899163057975111e+00 1.006390669304656260e+00 1.005978808444704331e+00 1.005662203606835892e+00 1.005419845889018005e+00 1.005238026436696464e+00 1.005106035901548012e+00 1.005016541266517738e+00 1.004964680863733584e+00 1.004947690064407650e+00
1.011059290761957552e+00 1.010008884912595439e+00 1.009038404262059041e+00 1.008179819076256312e+00 1.007435667049726868e+00 1.006814017660595972e+00 1.006311347025097058e+00 1.005904238862670885e+00 1.005591307258208777e+00 1.005351772797063337e+00 1.005172077780764672e+00 1.005041632871604085e+00 1.004953187854245922e+00 1.004901936283126185e+00 1.004885145048259432e+00
1.010930406222562805e+00 1.009890569837907259e+00 1.008930328868735016e+00 1.008081080020055920e+00 1.007345187373767104e+00 1.006730536113150665e+00 1.006233581321494208e+00 1.005831137554974442e+00 1.005521810555147999e+00 1.005285046387801806e+00 1.005107435837884422e+00 1.004978507414545419e+00 1.004891092197839786e+00 1.004840437953238741e+00 1.004823842510016885e+00
1.010803907241646593e+00 1.009774477187647124e+00 1.008824306234420431e+00 1.007984232395347624e+00 1.007256452519427414e+00 1.006648672967607849e+00 1.006157329546965240e+00 1.005759464199839970e+00 1.005453674992394575e+00 1.005219629563023798e+00 1.005044064574461826e+00 1.004916624274352355e+00 1.004830219570726380e+00 1.004780151455112458e+00 1.004763748131631829e+00
1.010679731638250756e+00 1.009660548252698353e+00 1.008720281599434498e+00 1.007889225385389498e+00 1.007169415360919418e+00 1.006568384339877831e+00 1.006082550527959585e+00 1.005689179872697459e+00 1.005386863401964481e+00 1.005155486515122654e+00 1.004981929212056535e+00 1.004855949424198203e+00 1.004770536457815888e+00 1.004721043570970807e+00 1.004704828792858162e+00
1.010557819246465483e+00 1.009548726259021256e+00 1.008618202032090405e+00 1.007796009885867150e+00 1.007084030371733441e+00 1.006489627843020651e+00 1.006009204501184584e+00 1.005620246986262512e+00 1.005321339895726362e+00 1.005092582671621937e+00 1.004920996173397363e+00 1.004796450013553555e+00 1.004712010503352237e+00 1.004663082232504445e+00 1.004647052519678230e+00
1.010438111832675734e+00 1.009438956287306066e+00 1.008518016352151214e+00 1.007704538432746766e+00 1.007000253556961100e+00 1.006412362523690263e+00 1.005937253053605485e+00 1.005552629233547046e+00 1.005257069810795656e+00 1.005030884642434286e+00 1.004861233031055567e+00 1.004738094317901620e+00 1.004654610461338526e+00 1.004606236471708769e+00 1.004590388435275594e+00
1.010320553016522016e+00 1.009331185196307379e+00 1.008419675057852016e+00 1.007614765133534096e+00 1.006918042388840862e+00 1.006336548801630482e+00 1.005866659065339341e+00 1.005486291533631338e+00 1.005194019657581261e+00 1.004970360169683996e+00 1.004802608458621460e+00 1.004680851690907595e+00 1.004598306148382081e+00 1.004550476374123980e+00 1.004534806713406558e+00
1.010205088195355483e+00 1.009225361549644706e+00 1.008323130256281175e+00 1.007526645601733772e+00 1.006837355745340279e+00 1.006262148412038204e+00 1.005797386655270742e+00 1.005421199980031766e+00 1.005132157070326882e+00 1.004910978079946338e+00 1.004745092184237576e+00 1.004624692518896190e+00 1.004543068398820793e+00 1.004495773034337569e+00 1.004480278534023441e+00
1.010091664471985506e+00 1.009121435545868417e+00 1.008228335596918823e+00 1.007440136894328431e+00 1.006758153851590398e+00 1.006189124350627795e+00 1.005729401129232592e+00 1.005357321791512604e+00 1.005071450760004037e+00 1.004852708238763270e+00 1.004688654946345849e+00 1.004569588177505635e+00 1.004488869021993969e+00 1.004442098513615100e+00 1.004426776041025260e+00
1.009980230585518335e+00 1.009019358951593670e+00 1.008135246208154090e+00 1.007355197452094453e+00 1.006680398224012007e+00 1.006117440821238551e+00 1.005662668930600079e+00 1.005294625265201525e+00 1.005011870469414870e+00 1.004795521507299449e+00 1.004633268451524897e+00 1.004515510990390936e+00 1.004435680761535332e+00 1.004389425799535607e+00 1.004374272302005267e+00
1.009870736845107420e+00 1.008919085037524477e+00 1.008043818636595423e+00 1.007271787042590017e+00 1.006604051616969198e+00 1.006047063185835810e+00 1.005597157593153712e+00 1.005233079731869816e+00 1.004953386930379500e+00 1.004739389701013952e+00 1.004578905334292838e+00 1.004462434189852260e+00 1.004383477256566959e+00 1.004337728767515259e+00 1.004322741269883190e+00
1.009763135066431117e+00 1.008820568517186933e+00 1.007954010789013033e+00 1.007189866705651804e+00 1.006529077971801911e+00 1.005977957916760479e+00 1.005532835696083982e+00 1.005172655513252078e+00 1.004895971822882483e+00 1.004684285550232259e+00 1.004525539118759081e+00 1.004410331879280749e+00 1.004332233004685992e+00 1.004286982144107609e+00 1.004272157746307848e+00
1.009657378510734782e+00 1.008723765488211965e+00 1.007865781876750910e+00 1.007109398701253600e+00 1.006455442368097586e+00 1.005910092551097978e+00 1.005469672821001748e+00 1.005113323881285492e+00 1.004839597736063128e+00 1.004630182662501481e+00 1.004473144182019162e+00 1.004359178997312529e+00 1.004281923326636461e+00 1.004237161471978501e+00 1.004222497346730636e+00
1.009553421826265618e+00 1.008628633376003281e+00 1.007779092362457662e+00 1.007030346459582004e+00 1.006383110977060902e+00 1.005843435647036710e+00 1.005407639510843110e+00 1.005055057019150100e+00 1.004784238130943308e+00 1.004577055486628678e+00 1.004421695719186047e+00 1.004308951283589879e+00 1.004232524332567822e+00 1.004188243076452380e+00 1.004173736467047995e+00
1.009451220991950837e+00 1.008535130879640862e+00 1.007693903908986055e+00 1.006952674533187597e+00 1.006312051016858389e+00 1.005777956742093471e+00 1.005346707230546643e+00 1.004997827984008829e+00 1.004729867304782420e+00 1.004524879278298144e+00 1.004371169709966205e+00 1.004259625246035625e+00 1.004184012889786981e+00 1.004140204033541206e+00 1.004125852251721573e+00
1.009350733263159494e+00 1.008443217919869017e+00 1.007610179330328481e+00 1.006876348551083655e+00 1.006242230709810448e+00 1.005713626313093689e+00 1.005286848329400629e+00 1.004941610671336027e+00 1.004676460356969336e+00 1.004473630067172385e+00 1.004321542886679630e+00 1.004211178129548188e+00 1.004136366591911855e+00 1.004093022139367575e+00 1.004078822563286622e+00
1.009251917119403874e+00 1.008352855589029096e+00 1.007527882544444253e+00 1.006801335174666079e+00 1.006173619241313766e+00 1.005650415737791015e+00 1.005228036004950365e+00 1.004886379780741912e+00 1.004623993156347206e+00 1.004423284625389323e+00 1.004272792703642780e+00 1.004163587886031994e+00 1.004089563729343659e+00 1.004046675880891026e+00 1.004032625953165558e+00
1.009154732213830341e+00 1.008264006102795651e+00 1.007446978527854364e+00 1.006727602055326631e+00 1.006106186720381102e+00 1.005588297258025232e+00 1.005170244268368984e+00 1.004832110783195009e+00 1.004572442309889846e+00 1.004373820437363785e+00 1.004224897307826048e+00 1.004116833145679566e+00 1.004043583260975092e+00 1.004001144407865809e+00 1.003987241633704564e+00
1.009059139324360643e+00 1.008176632753579050e+00 1.007367433271872281e+00 1.006655117793647136e+00 1.006039904141683206e+00 1.005527243944310811e+00 1.005113447911195168e+00 1.004778779889551110e+00 1.004521785132635792e+00 1.004325215670812899e+00 1.004177835510704053e+00 1.004070893189426883e+00 1.003998404787056486e+00 1.003956407505945059e+00 1.003942649451357694e+00
1.008965100306335794e+00 1.008090699865460849e+00 1.007289213740344636e+00 1.006583851900051396e+00 1.005974743348991840e+00 1.005467229661757056e+00 1.005057622473342072e+00 1.004726364020304130e+00 1.004471999618799627e+00 1.004277449148924362e+00 1.004131586761224160e+00 1.004025747922504097e+00 1.003954008523145980e+00 1.003912445570861456e+00 1.003898829860943254e+00
1.008872578046522195e+00 1.008006172750526952e+00 1.007212287828780140e+00 1.006513774756806923e+00 1.005910676999912434e+00 1.005408229037225709e+00 1.005002744212287302e+00 1.004674840776469180e+00 1.004423064413980216e+00 1.004230500323588071e+00 1.004086131119813041e+00 1.003981377849009871e+00 1.003910375275067102e+00 1.003869239583611073e+00 1.003855763900899145e+00
1.008781536418336122e+00 1.007923017666464638e+00 1.007136624324739493e+00 1.006444857581257235e+00 1.005847678531806677e+00 1.005350217427624759e+00 1.004948790073356468e+00 1.004624188411516128e+00 1.004374958788381011e+00 1.004184349249614527e+00 1.004041449233350036e+00 1.003937764047435177e+00 1.003867486414808718e+00 1.003826771086568259e+00 1.003813433169473246e+00
1.008691940238135798e+00 1.007841201775288464e+00 1.007062192869366157e+00 1.006377072390174598e+00 1.005785722128798465e+00 1.005293170889246968e+00 1.004895737661011035e+00 1.004574385804271497e+00 1.004327662610971839e+00 1.004138976559870278e+00 1.003997522311036006e+00 1.003894888147067510e+00 1.003825323857293172e+00 1.003785022160467610e+00 1.003771819801769549e+00
1.008603755222433840e+00 1.007760693103052274e+00 1.006988963919927871e+00 1.006310391965119511e+00 1.005724782689761287e+00 1.005237066148058744e+00 1.004843565211049672e+00 1.004525412432704545e+00 1.004281156324507318e+00 1.004094363441246696e+00 1.003954332101082203e+00 1.003852732305204443e+00 1.003783870037946224e+00 1.003743975402179522e+00 1.003730906447596105e+00
1.008516947945868658e+00 1.007681460500412740e+00 1.006916908713244574e+00 1.006244789818687257e+00 1.005664835797181356e+00 1.005181880570839681e+00 1.004792251563642269e+00 1.004477248348520702e+00 1.004235420921330446e+00 1.004050491611399476e+00 1.003911860868153871e+00 1.003811279185108818e+00 1.003743107891002184e+00 1.003703613903217828e+00 1.003690676250036384e+00
1.008431485799771155e+00 1.007603473603885691e+00 1.006845999229864397e+00 1.006180240161527628e+00 1.005605857686789895e+00 1.005127592137081249e+00 1.004741776137099807e+00 1.004429874152471758e+00 1.004190437919880274e+00 1.004007343296176025e+00 1.003870091371490414e+00 1.003770511934636511e+00 1.003703020828472736e+00 1.003663921228908462e+00 1.003651112824684333e+00
1.008347336951150863e+00 1.007526702797644225e+00 1.006776208158852270e+00 1.006116717870007671e+00 1.005547825217852909e+00 1.005074179411539648e+00 1.004692118902293263e+00 1.004383270970307329e+00 1.004146189341826201e+00 1.003964901207660354e+00 1.003829006843637295e+00 1.003730414165464602e+00 1.003663592719715281e+00 1.003624881398153201e+00 1.003612200239471397e+00
1.008264470301911464e+00 1.007451119175692300e+00 1.006707508863043721e+00 1.006054198454393367e+00 1.005490715844004068e+00 1.005021621517342201e+00 1.004643260357627410e+00 1.004337420429271877e+00 1.004102657689744715e+00 1.003923148522756659e+00 1.003788590969708405e+00 1.003690969932849786e+00 1.003624807871525970e+00 1.003586478863717879e+00 1.003573922995020240e+00
1.008182855448091164e+00 1.007376694504229730e+00 1.006639875344603530e+00 1.005992658027407893e+00 1.005434507584497261e+00 1.004969898109537185e+00 1.004595181504467138e+00 1.004292304635065136e+00 1.004059825925259331e+00 1.003882068862231636e+00 1.003748827867108284e+00 1.003652163715842427e+00 1.003586651008688158e+00 1.003548698492974012e+00 1.003536266005448319e+00
1.008102462638903685e+00 1.007303401184016289e+00 1.006573282210721620e+00 1.005932073273019034e+00 1.005379178995749134e+00 1.004918989348970060e+00 1.004547863822915055e+00 1.004247906149161595e+00 1.004017677447547330e+00 1.003841646270130505e+00 1.003709702065628484e+00 1.003613980397877414e+00 1.003549107254899209e+00 1.003511525549019900e+00 1.003499214579552268e+00
1.008023262735331826e+00 1.007231212212517546e+00 1.006507704639259648e+00 1.005872421415293205e+00 1.005324709143028850e+00 1.004868875876363088e+00 1.004501289247824447e+00 1.004204207966393536e+00 1.003976196072124072e+00 1.003801865193479248e+00 1.003671198487837035e+00 1.003576405247662118e+00 1.003512162113992856e+00 1.003474945672097718e+00 1.003462754402290713e+00
1.007945227167992508e+00 1.007160101145596842e+00 1.006443118344142018e+00 1.005813680187142678e+00 1.005271077572143401e+00 1.004819538786459576e+00 1.004455440144931488e+00 1.004161193492682402e+00 1.003935366009799823e+00 1.003762710462174468e+00 1.003633302429666863e+00 1.003539423900267291e+00 1.003475801451374938e+00 1.003438944861227755e+00 1.003426871516480912e+00
1.007868327893965077e+00 1.007090042058478074e+00 1.006379499540262401e+00 1.005755827798762159e+00 1.005218264280944629e+00 1.004770959602086178e+00 1.004410299286964792e+00 1.004118846522798369e+00 1.003895171845697210e+00 1.003724167268957634e+00 1.003595999541101458e+00 1.003503022338333217e+00 1.003440011475575266e+00 1.003403509455960796e+00 1.003391552304619516e+00
1.007792537352222073e+00 1.007021009505685738e+00 1.006316824907646623e+00 1.005698842905539570e+00 1.005166249690468305e+00 1.004723120247961177e+00 1.004365849829591761e+00 1.004077151218016439e+00 1.003855598518206937e+00 1.003686221149357349e+00 1.003559275806855000e+00 1.003467186873275629e+00 1.003404778719815038e+00 1.003368626118153806e+00 1.003356783470724656e+00
1.007717828417255213e+00 1.006952978479605854e+00 1.006255071554579272e+00 1.005642704575185453e+00 1.005115014615489688e+00 1.004676003024068009e+00 1.004322075287027882e+00 1.004036092083513632e+00 1.003816631297741235e+00 1.003648857961469520e+00 1.003523117526915254e+00 1.003431904126382834e+00 1.003370090023474104e+00 1.003334281813651918e+00 1.003322552022087200e+00
1.007644174350426969e+00 1.006885924367274754e+00 1.006194216979355627e+00 1.005587392253798562e+00 1.005064540234250625e+00 1.004629590578371978e+00 1.004278959507126645e+00 1.003995653945343181e+00 1.003778255765132688e+00 1.003612063865433779e+00 1.003487511296817791e+00 1.003397161009665473e+00 1.003335932513328643e+00 1.003300463793749708e+00 1.003288845250808192e+00
1.007571548748496415e+00 1.006819822904932771e+00 1.006134239030268773e+00 1.005532885730532788e+00 1.005014808057071773e+00 1.004583865878641902e+00 1.004236486645727844e+00 1.003955821926785452e+00 1.003740457789497720e+00 1.003575825302434499e+00 1.003452443987495446e+00 1.003362944706312154e+00 1.003302293584416915e+00 1.003267159576293421e+00 1.003255650714976133e+00
1.007499925488678727e+00 1.006754650129797257e+00 1.006075115863376279e+00 1.005479165100484407e+00 1.004965799893526190e+00 1.004538812183088714e+00 1.004194641140016886e+00 1.003916581423857313e+00 1.003703223505359787e+00 1.003540128973042345e+00 1.003417902724516697e+00 1.003329242650575326e+00 1.003269160880360777e+00 1.003234356926253845e+00 1.003222956219322226e+00
1.007429278669481398e+00 1.006690382328428113e+00 1.006016825897517730e+00 1.005426210725346658e+00 1.004917497817788830e+00 1.004494413009490161e+00 1.004153407680603793e+00 1.003877918079714604e+00 1.003666539288797788e+00 1.003504961814670526e+00 1.003383874866509595e+00 1.003296042506890418e+00 1.003236522272950459e+00 1.003202043835579982e+00 1.003190749795162207e+00
1.007359582546420773e+00 1.006626995980924866e+00 1.005959347765945866e+00 1.005374003191301657e+00 1.004869884131708302e+00 1.004450652102413910e+00 1.004112771181978392e+00 1.003839817757643527e+00 1.003630391732335037e+00 1.003470310977886415e+00 1.003350347982525426e+00 1.003263332147990683e+00 1.003204365840766776e+00 1.003170208502111693e+00 1.003159019679405128e+00
1.007290811461547975e+00 1.006564467700066690e+00 1.005902660263825910e+00 1.005322523263517231e+00 1.004822941325068220e+00 1.004407513398074325e+00 1.004072716750935790e+00 1.003802266512279218e+00 1.003594767618243733e+00 1.003436163801276981e+00 1.003317309828051673e+00 1.003231099631744394e+00 1.003172679846568993e+00 1.003138839307288199e+00 1.003127754292363560e+00
1.007222939765501923e+00 1.006502774164315994e+00 1.005846742290704920e+00 1.005271751836493088e+00 1.004776652032393525e+00 1.004364980986270917e+00 1.004033229652489423e+00 1.003765250558619426e+00 1.003559653889868564e+00 1.003402507784498132e+00 1.003284748319331898e+00 1.003199333176382213e+00 1.003141452713133930e+00 1.003107924792335126e+00 1.003096942214057208e+00
1.007155941730540905e+00 1.006441892043396402e+00 1.005791572786868038e+00 1.005221669879351465e+00 1.004730998985533530e+00 1.004323039068750978e+00 1.003994295272691240e+00 1.003728756238316366e+00 1.003525037620502047e+00 1.003369330559074513e+00 1.003252651505581072e+00 1.003168021133725274e+00 1.003110672997160391e+00 1.003077453632561067e+00 1.003066572158636482e+00
1.007089791452675742e+00 1.006381797914870813e+00 1.005737130662270662e+00 1.005172258374964045e+00 1.004685964961088418e+00 1.004281671913185736e+00 1.003955899077654701e+00 1.003692769982619248e+00 1.003490905979237402e+00 1.003336619856421530e+00 1.003221007538598553e+00 1.003137151959933693e+00 1.003080329360780842e+00 1.003047414609307131e+00 1.003036632946474160e+00
1.007024462740609083e+00 1.006322468169809969e+00 1.005683394716452517e+00 1.005123498251579317e+00 1.004641532721542552e+00 1.004240863801792338e+00 1.003918026567928834e+00 1.003657278271210318e+00 1.003457246193112606e+00 1.003304363472449223e+00 1.003189804639177174e+00 1.003106714183204184e+00 1.003050410540120563e+00 1.003017796579000809e+00 1.003007113473382006e+00
1.006959928988668596e+00 1.006263878905195863e+00 1.005630343547465166e+00 1.005075370305302362e+00 1.004597684948709713e+00 1.004200598973397529e+00 1.003880663227173509e+00 1.003622267585997374e+00 1.003424045504692108e+00 1.003272549227960164e+00 1.003159031059564610e+00 1.003076696367703358e+00 1.003020905310215705e+00 1.002988588438641804e+00 1.002978002676280234e+00
1.006896163030253311e+00 1.006206005800162284e+00 1.005577955447398919e+00 1.005027855111394919e+00 1.004554404167774084e+00 1.004160861557472195e+00 1.003843794463844530e+00 1.003587724358715239e+00 1.003391291124047457e+00 1.003241164923876827e+00 1.003128675041070617e+00 1.003047087072869825e+00 1.002991802445452718e+00 1.002959779086891379e+00 1.002949289494501350e+00
1.006833136967473230e+00 1.006148823972459416e+00 1.005526208281492195e+00 1.004980932921869741e+00 1.004511672659785804e+00 1.004121635498298026e+00 1.003807405544285603e+00 1.003553634910911097e+00 1.003358970173831244e+00 1.003210198290097610e+00 1.003098724765685734e+00 1.003017874807003329e+00 1.002963090674472202e+00 1.002931357379735600e+00 1.002920962825698314e+00
1.006770821971571861e+00 1.006092307810635189e+00 1.005475079347066147e+00 1.004934583546226001e+00 1.004469472359942994e+00 1.004082904466974568e+00 1.003771481515220332e+00 1.003519985384522695e+00 1.003327069625831847e+00 1.003179636926473384e+00 1.003069168300298797e+00 1.002989047973788850e+00 1.002934758628235778e+00 1.002903312079436171e+00 1.002893011475086471e+00
1.006709188047319792e+00 1.006036430776238610e+00 1.005424545207535436e+00 1.004888786211340035e+00 1.004427784738291862e+00 1.004044651758378315e+00 1.003736007113115836e+00 1.003486761660808080e+00 1.003295576226957753e+00 1.003149468234023400e+00 1.003039993531734231e+00 1.002960594810053507e+00 1.002906794779604427e+00 1.002875631795153932e+00 1.002865424096404778e+00
1.006648203752735782e+00 1.005981165168843283e+00 1.005374581495482422e+00 1.004843519395472562e+00 1.004386590658574496e+00 1.004006860169404325e+00 1.003700966657215643e+00 1.003453949264769829e+00 1.003264476412066397e+00 1.003119679333984715e+00 1.003011188090348949e+00 1.002932503312602197e+00 1.002879187372334613e+00 1.002848304913186883e+00 1.002838189122562174e+00
1.006587835863084868e+00 1.005926481844654052e+00 1.005325162677096706e+00 1.004798760629930676e+00 1.004345870209766955e+00 1.003969511853807894e+00 1.003666343922141380e+00 1.003421533251432907e+00 1.003233756200319515e+00 1.003090256971630678e+00 1.002982739259303147e+00 1.002904761151366175e+00 1.002851924336821465e+00 1.002821319514202392e+00 1.002811294683353172e+00
1.006528048964925315e+00 1.005872349876827609e+00 1.005276261768073498e+00 1.004754486260073021e+00 1.004305602503261952e+00 1.003932588147602223e+00 1.003632121984780134e+00 1.003389498069271246e+00 1.003203401070800416e+00 1.003061187400905663e+00 1.002954633865784650e+00 1.002877355565316098e+00 1.002824993189143532e+00 1.002794663274079179e+00 1.002784728506886935e+00
1.006468804961703878e+00 1.005818736142052749e+00 1.005227849988074684e+00 1.004710671154842361e+00 1.004265765426556101e+00 1.003896069357157916e+00 1.003598283038589223e+00 1.003357827394673718e+00 1.003173395811833846e+00 1.003032456244736137e+00 1.002926858149346456e+00 1.002850273236507883e+00 1.002798380908922926e+00 1.002768323343957935e+00 1.002758477800350878e+00
1.006410062466665867e+00 1.005765604813151581e+00 1.005179896336863443e+00 1.004667288350648002e+00 1.004226335341432019e+00 1.003859934499698126e+00 1.003564808166305777e+00 1.003326503929434343e+00 1.003143724336726716e+00 1.003004048324272146e+00 1.002899397601007880e+00 1.002823500136197366e+00 1.002772073790126228e+00 1.002742286203730515e+00 1.002732529104379156e+00
1.006351776050994129e+00 1.005712916730893802e+00 1.005132367069731414e+00 1.004624308610810868e+00 1.004187286710737759e+00 1.003824160982539793e+00 1.003531677059119387e+00 1.003295509150637033e+00 1.003114369456273192e+00 1.002975947448124572e+00 1.002872236764708935e+00 1.002797021334982386e+00 1.002746057257010381e+00 1.002716537481317616e+00 1.002706868113413474e+00
1.006293895304292585e+00 1.005660628619179375e+00 1.005085225042287922e+00 1.004581699875448875e+00 1.004148591632490595e+00 1.003788724202810290e+00 1.003498867666329231e+00 1.003264822998718886e+00 1.003085312595102030e+00 1.002948136149627523e+00 1.002845358989848057e+00 1.002770820766204052e+00 1.002720315634779480e+00 1.002691061727491117e+00 1.002681479451886126e+00
1.006236363649441135e+00 1.005608692095126599e+00 1.005038428884124535e+00 1.004539426567797378e+00 1.004110219252507985e+00 1.003753597042904566e+00 1.003466355753843020e+00 1.003234423484451465e+00 1.003056533434360631e+00 1.002920595355931477e+00 1.002818746119654492e+00 1.002744880928028381e+00 1.002694831860828195e+00 1.002665842132371976e+00 1.002656346392430731e+00
1.006179116832548903e+00 1.005557052407744845e+00 1.004991931945945050e+00 1.004497448710418572e+00 1.004072135016141676e+00 1.003718749227815010e+00 1.003434114341885675e+00 1.003204286188467131e+00 1.003028009456765401e+00 1.002893303966721383e+00 1.002792378094490733e+00 1.002719182504232975e+00 1.002669587117204220e+00 1.002640860164597525e+00 1.002631450497235122e+00
1.006122080978193889e+00 1.005505646813308562e+00 1.004945680943337250e+00 1.004455720786745054e+00 1.004034299704410271e+00 1.003684146497329177e+00 1.003402112980780192e+00 1.003174383616708409e+00 1.002999715360728628e+00 1.002866238311741487e+00 1.002766232441066441e+00 1.002693703875954023e+00 1.002644560357411008e+00 1.002616095106763083e+00 1.002606771156300480e+00
1.006065170055752578e+00 1.005454402458302532e+00 1.004899614189195045e+00 1.004414190257172601e+00 1.003996668177591589e+00 1.003649749526957846e+00 1.003370316806908580e+00 1.003144684360265382e+00 1.002971622296704224e+00 1.002839371443732919e+00 1.002740283606701865e+00 1.002668420485340439e+00 1.002619727689695317e+00 1.002591523449978261e+00 1.002582284985672256e+00
1.006008282537004694e+00 1.005403233585775435e+00 1.004853659260671161e+00 1.004372795600075197e+00 1.003959187716356283e+00 1.003615512503099216e+00 1.003338685296118582e+00 1.003115151985922715e+00 1.002943696858764389e+00 1.002812672204748123e+00 1.002714502080218395e+00 1.002643303995260471e+00 1.002595061562685741e+00 1.002567118094388698e+00 1.002557965032814247e+00
1.005951296926534067e+00 1.005352037798043607e+00 1.004807729877033928e+00 1.004331463689569048e+00 1.003921795800827299e+00 1.003581381215149726e+00 1.003307170594343933e+00 1.003085743550334863e+00 1.002915899734019067e+00 1.002786103975630283e+00 1.002688853214503073e+00 1.002618321163844195e+00 1.002570529674663646e+00 1.002542847278379501e+00 1.002533779712312834e+00
1.005894065695112971e+00 1.005300690981476341e+00 1.004761721658040896e+00 1.004290106231832347e+00 1.003884417091460257e+00 1.003547290461418884e+00 1.003275715247472055e+00 1.003056407579284048e+00 1.002888183865670468e+00 1.002759622975076814e+00 1.002663295624913964e+00 1.002593432313559241e+00 1.002546093489853574e+00 1.002518673121968629e+00 1.002509691358108190e+00
1.005836406909283554e+00 1.005249040299609042e+00 1.004715506264845182e+00 1.004248614840376197e+00 1.003846959255423554e+00 1.003513160462115694e+00 1.003244249061650883e+00 1.003027081272477083e+00 1.002860491911768293e+00 1.002733175906356244e+00 1.002637778973321181e+00 1.002568589212939676e+00 1.002521706185433015e+00 1.002494549611285368e+00 1.002485654220190758e+00
1.005778092470395624e+00 1.005196894340568692e+00 1.004668923156070814e+00 1.004206854103141477e+00 1.003809307088566749e+00 1.003478891805774431e+00 1.003212684678775002e+00 1.002997686563706248e+00 1.002832752662793592e+00 1.002706696639510620e+00 1.002612240843664626e+00 1.002543732089720363e+00 1.002497309756600563e+00 1.002470419756416931e+00 1.002461611639660743e+00
1.005718831251258605e+00 1.005144008977012504e+00 1.004621767747140071e+00 1.004164651618372650e+00 1.003771314062898323e+00 1.003444358179232498e+00 1.003180911209353265e+00 1.002968124449757248e+00 1.002804875884083291e+00 1.002680101434072490e+00 1.002586602242623082e+00 1.002518785329303608e+00 1.002472830847244145e+00 1.002446211497970641e+00 1.002437491980040285e+00
1.005658244359983078e+00 1.005090066601229015e+00 1.004573774005324882e+00 1.004121783336378471e+00 1.003732789883935883e+00 1.003409395660116887e+00 1.003148784851005226e+00 1.002938266631816067e+00 1.002776744712302825e+00 1.002653281894940074e+00 1.002560760964464670e+00 1.002493651130709873e+00 1.002448174600477415e+00 1.002421831669333185e+00 1.002413202625971111e+00
1.005595827909055329e+00 1.005034644827870416e+00 1.004524588185449652e+00 1.004077951418210546e+00 1.003693481680794308e+00 1.003373786519498267e+00 1.003116114689813099e+00 1.002907942859962986e+00 1.002748204139745081e+00 1.002626094301520832e+00 1.002534581538076397e+00 1.002468199893522982e+00 1.002423215339699691e+00 1.002397156846617010e+00 1.002388620888241988e+00
1.005530895308945238e+00 1.004977167899886226e+00 1.004473727989589671e+00 1.004032749763899224e+00 1.003653044691289908e+00 1.003337233958095265e+00 1.003082640539942449e+00 1.002876921171373503e+00 1.002719043025625645e+00 1.002598342934075237e+00 1.002507879515511791e+00 1.002442255191720033e+00 1.002397782000695514e+00 1.002372019043942686e+00 1.002363579784920411e+00
1.005462484755305086e+00 1.004916828611425617e+00 1.004420516823738785e+00 1.003985608433591636e+00 1.003610994936267931e+00 1.003299321278376732e+00 1.003047997102086475e+00 1.002844875907813238e+00 1.002688964969226992e+00 1.002569753066446578e+00 1.002480396016492969e+00 1.002415569423810826e+00 1.002371634521358246e+00 1.002346182527989127e+00 1.002337844994482641e+00
1.005389204991565588e+00 1.004852457762367646e+00 1.004363973603734861e+00 1.003935700299761757e+00 1.003566629599641713e+00 1.003259443103784676e+00 1.003011653519404023e+00 1.002811333734913157e+00 1.002657539118419150e+00 1.002539925332946336e+00 1.002451754702365916e+00 1.002387782645349557e+00 1.002344423917913785e+00 1.002319304608785266e+00 1.002311075879733782e+00
1.005308966085571853e+00 1.004782295413305437e+00 1.004302619036138156e+00 1.003881776495603395e+00 1.003518886360682094e+00 1.003216683642611073e+00 1.002972806246549720e+00 1.002775577861147571e+00 1.002624112814025414e+00 1.002508254641193863e+00 1.002421385286229594e+00 1.002358349358838607e+00 1.002315621270704948e+00 1.002290865887546234e+00 1.002282756147452103e+00
1.005218483256877571e+00 1.004703567079894055e+00 1.004234115081834577e+00 1.003821859011343465e+00 1.003466079795308330e+00 1.003169588000497381e+00 1.002930177409655066e+00 1.002736467486234684e+00 1.002587646732244098e+00 1.002473777012859557e+00 1.002388378965236360e+00 1.002326400081622770e+00 1.002284383402938461e+00 1.002260038299129796e+00 1.002252062662294385e+00
1.005112301157268018e+00 1.004611643981625502e+00 1.004154545925534991e+00 1.003752624316660347e+00 1.003405370483108072e+00 1.003115699961376395e+00 1.002881606123784852e+00 1.002692071061100032e+00 1.002546379473044258e+00 1.002434857588359041e+00 1.002351193657877948e+00 1.002290458907969750e+00 1.002249278708920111e+00 1.002225415696376576e+00 1.002217597583888065e+00
1.004980720167410801e+00 1.004498237730509169e+00 1.004056856954928412e+00 1.003668054238362695e+00 1.003331595159528744e+00 1.003050537971462930e+00 1.002823139270769381e+00 1.002638847674127032e+00 1.002497077011759608e+00 1.002388491169910134e+00 1.002306992265002972e+00 1.002247808807907647e+00 1.002207670615960389e+00 1.002184407773069053e+00 1.002176785706742512e+00
1.004804967266617277e+00 1.004347117095780728e+00 1.003927091511636727e+00 1.003556140019859377e+00 1.003234377253296117e+00 1.002965043560009040e+00 1.002746750348440852e+00 1.002569582091053180e+00 1.002433131719690618e+00 1.002328525216969579e+00 1.002249957676746295e+00 1.002192872847015748e+00 1.002154143403414910e+00 1.002131691613722175e+00 1.002124334421546470e+00
1.004544797109740539e+00 1.004122734406902362e+00 1.003734105534782373e+00 1.003389654695090893e+00 1.003089874787125080e+00 1.002838176892386413e+00 1.002633636473718504e+00 1.002467256856064193e+00 1.002338879028304763e+00 1.002240317351561272e+00 1.002166205865457238e+00 1.002112312582474019e+00 1.002075726063325289e+00 1.002054508176364545e+00 1.002047553976169736e+00
1.004105094734653036e+00 1.003737306914938676e+00 1.003397910874722854e+00 1.003096254916107544e+00 1.002832879712143743e+00 1.002611007083372252e+00 1.002430120804900682e+00 1.002282545624504584e+00 1.002168383296670129e+00 1.002080548454396203e+00 1.002014389647627457e+00 1.001966215894845691e+00 1.001933480736038495e+00 1.001914484500030067e+00 1.001908256526660157e+00
1.003279904828087821e+00 1.002980112405677859e+00 1.002707252649832403e+00 1.002467775781402670e+00 1.002261000570341398e+00 1.002088435390157350e+00 1.001948800262298045e+00 1.001835537843345447e+00 1.001748297036054947e+00 1.001681382061772929e+00 1.001631090005287161e+00 1.001594524522425589e+00 1.001569702115697069e+00 1.001555306345249363e+00 1.001550587992326768e+00
