1.000000000000000000e+00
2.104957627118642927e-01
1.149302995391704441e-01
1.183591772151898064e-01
1.193144221802742433e-01
1.186955750188316006e-01
1.181454864222220708e-01
1.176496001580941003e-01
1.171972983583282890e-01
1.167810139018982257e-01
1.163951282233882667e-01
1.160353333087508487e-01
1.156982393620208938e-01
1.153811216311509125e-01
1.150817504763264471e-01
1.147982735115716524e-01
1.145291315637403801e-01
1.142729973023193096e-01
1.140287294888659847e-01
1.137953382468991498e-01
