1.000000000000000021e-03
1.000000000000000021e-03
9.686747850439215990e-02
9.185102659616257992e-02
8.812247672948018973e-02
4.592821946072545014e-02
4.454498475645517902e-02
4.336676620219347134e-02
4.234259161152099243e-02
4.143813582620715918e-02
2.081460930221839742e-02
2.044909477045722332e-02
2.011589386821929087e-02
1.980990467166215269e-02
1.952712161218053341e-02
1.926434533419967357e-02
1.901898213736779447e-02
1.878890181715895877e-02
1.857233467267576169e-02
1.836779544394490787e-02
