1.000000000000000000e+00
2.104957627118642927e-01
1.037955570030710400e-01
1.022148963938551702e-01
5.099519755286616857e-02
5.049339977822676906e-02
5.006726340485489340e-02
4.969642371375991574e-02
4.936788557685591744e-02
4.907282636388950181e-02
4.880496967844227818e-02
4.855968435505160496e-02
4.833345133465145188e-02
4.812353127247386009e-02
3.440461659250281662e-02
3.511136532126543641e-02
3.571910063736574020e-02
3.624581112675839822e-02
3.670545820262063191e-02
3.710903604835087688e-02
