1.325557111228739537e-01
1.541862177903615960e-01
1.705714009046863933e-01
1.885847859932865134e-01
1.991326523863524434e-01
2.094088604771217332e-01
2.183533655155571462e-01
2.261708772145730462e-01
2.330694404422994082e-01
2.392079885404065909e-01
2.397099234930128442e-01
2.480939154060321228e-01
2.522499117748638331e-01
2.559828510877604213e-01
2.543432710847017830e-01
2.573710204391023160e-01
2.600982830793419631e-01
2.625500624440128550e-01
2.647464817635576395e-01
2.667043411230888839e-01
2.684372234883575237e-01
2.699569635012678548e-01
2.712738116772788199e-01
2.723970038994483200e-01
2.733339925296995321e-01
2.740914242686927071e-01
2.746747113055216238e-01
2.750880250525362114e-01
2.753351686672996235e-01
2.754189750563799666e-01
