1.600000000000000089e+00
3.200000000000000178e+00
4.799999999999999822e+00
6.400000000000000355e+00
8.000000000000000000e+00
9.599999999999999645e+00
1.119999999999999929e+01
1.279999999999999893e+01
1.439999999999999858e+01
1.599999999999999822e+01
1.759999999999999787e+01
1.919999999999999929e+01
2.080000000000000071e+01
2.239999999999999858e+01
2.400000000000000000e+01
2.559999999999999787e+01
2.719999999999999929e+01
2.880000000000000071e+01
3.039999999999999858e+01
3.200000000000000000e+01
