2.323639179641557861e-01
2.112056090902452166e-01
2.110259896030388937e-01
2.106739199450437527e-01
2.107548601698002455e-01
2.104516884377549968e-01
2.101256081389024089e-01
2.097781057118202064e-01
2.094107811089207238e-01
2.090252602862214260e-01
2.086231441561290367e-01
2.082059780499142532e-01
2.077752337598290089e-01
2.073322996570329257e-01
2.068784761353451573e-01
2.064149745967293892e-01
2.059429187817663209e-01
2.054633476247528512e-01
2.049772190640032632e-01
2.044854144098978699e-01
